0.3067976115338573
0.18429565492127256
-0.02408506925825353
0.05773360989133087
0.3380689500580053
0.22199732010917364
-0.14462596964653315
0.1240441749752659
-0.0567937986524984
0.269225423062311
-0.6322609884325046
-0.7848653363656204
-0.3415812521382452
0.18532411579207048
-0.10626545589664284
0.03565765702385916
0.33513807979334187
0.36328090083367326
0.28116324153539496
0.5808367064628616
0.6378063594166016
0.6251420968176619
0.7731126589292346
0.8426556733189019
0.8495399903305508
0.7752057042531976
0.905850421854005
0.5269139775328467
0.34925038549964205
0.24993482890245744
0.1780892917173429
0.5861300738104287
0.40515761168656483
0.5801373523534937
0.4904303248613052
0.23050804961842652
0.5648224307342108
0.40413985504393524
0.4167475812571857
0.4730491964254614
0.5680046852712822
0.8874744739623025
0.6870206802465569
0.3883588356269664
0.36392741246078353
0.05027232935468042
0.49219286406578977
0.5326913054421243
0.6586219709610687
0.48727002429904964
0.3681082367093833
0.2456436946595726
-0.04790526784696614
0.3308017313916497
0.07308198137335085
0.25916286704830405
0.33278838918404363
0.11727352598776421
0.7127353299869063
0.5973692892024536
0.687553314770426
0.05644315940285476
0.04692216508604809
0.026133371192760508
0.23406287965955616
-0.16841806390897118
0.08908546557481317
-0.32933609341097847
-0.65360457009845
-0.5608642726673864
-0.025849633507661125
-0.49887717985181634
-0.052160296719983505
-0.08108405086562871
0.5208897231835535
-0.17939882900302392
0.07984280519528165
0.46086334670817
0.770936416509969
0.6534450605648368
0.5821420196067495
0.7514343371027559
0.7440087144485933
0.42532555141750905
0.712056394552556
0.934293173361294
1.050150144688971
0.9804505839344856
0.9332670675307078
1.0595712741082133
1.0809713986120368
0.9336947419056297
0.7652607903104812
0.8778765872397136
0.15302853195758573
0.36278240253281957
0.5681597815831427
0.6798039151242437
0.8125774672645671
0.6117020968786423
0.6666897010054728
0.6224260392950725
0.808230206321737
0.5834436482371603
0.675352799641341
0.9902734038857964
1.061445084515503
0.9740503901524437
1.0018321555541445
0.8228235484777469
0.8695958813135213
0.7833316279589079
1.0284969731325595
0.007113405231202178
-0.3470565089244837
-0.43042296360076004
-0.3948584552508778
-0.34356782244693285
-0.22405290564778504
0.202766998181087
0.38009607920240585
-0.018437818277066004
-0.26650379866562623
0.21746278766559413
0.1470594511299347
0.2415532212587127
0.42128670807206847
0.7157757392601861
0.9075876854072104
0.4978094030205972
0.9762904533754392
1.1980082227778117
1.1518175246042948
1.0880373071032552
1.1166403650581265
1.3044922739884464
0.7347056648734378
0.7625131519083206
1.228417728972285
0.6800214649958853
0.7771241765261537
-0.8810375218522984
-1.2110431075826247
0.39040965687822893
0.6321967300108542
-1.09499957902659
0.4605053342463785
0.2453820900496338
0.5057615079639102
-1.9500308011572303
-2.716901440261518
-1.5783162726682842
-1.111443426819876
-1.9980082898672853
-1.9461257577681679
-2.799172627773275
-2.2237615760523903
-1.9434427200476367
-1.905161927071198
-2.581831172461528
-3.8585542316711336
-1.9749792067585006
-0.43122338895230516
-0.0214676581574762
-0.10860623568869103
0.20220269067019597
0.6954264351623942
0.5783239488169468
0.7928647161752229
0.8380383997803355
1.020216934320063
0.83876908795716
0.40820649682813603
1.093593482136476
1.1836849411539119
1.1537412621728131
1.04316369462343
1.2547337638279434
0.6685181048500266
1.0166407215440516
0.702752244547162
1.1329705315548284
1.1194971421695572
0.17013504979077315
0.7437317891332919
0.8167325584223656
0.9135792722966062
0.29272429215224105
0.7107514560653378
0.5683567195545826
0.6354717521580399
0.9507251853867785
0.7980871342418934
0.4981295298292827
0.586087683621005
0.22919259439345793
0.03747715330229255
0.20318126424893213
-0.9499611338736348
0.10431532297122048
-0.2783252353101986
0.04618918093347493
0.2140834481654998
-0.45568766934866034
-0.5768592430325983
0.1112448325503713
-0.3971990997974164
-0.19242196996790858
-0.5427286877072847
-1.4994304397173979
-2.927818010196995
-1.1098061318225094
-0.07416429686986685
0.23921676281368695
-0.057125886752810294
0.38711217896148764
0.3891858114061535
0.4360418474491178
0.5389327314444723
0.3766718281437287
0.634328836748407
0.8789634330562128
0.0773550865611546
-2.046033442673596
-0.6251169692042352
0.4151322050928452
0.34509483766326254
0.911796378333675
0.610461912713274
0.06252749912628715
-0.06756468064827088
-1.0032297724563282
-1.9749986395339652
-1.6739130304020877
-0.9525830013960631
-0.5280087696552939
-0.7101186753317238
-0.010571102129159505
-0.05008861488770875
0.06454267982670922
0.4729529344670391
0.5519825567844213
-0.7162198538863256
-1.7422865031283747
-1.8439546852072422
-1.3226030340816064
-0.9903970102540128
-0.4005254330116599
-0.6493582866277146
-0.20265024947170346
0.2899648250499093
0.6298335493089664
0.057900259328958335
0.3287141164189845
-0.8592651565622791
-0.09216971094435857
0.3039559373249827
0.4857877544889636
-0.5131054943739246
0.04194965037335887
0.29355576892292545
0.3638348075028548
0.6993576838627714
0.2609723988317455
-0.05840225334227411
0.9417659449215693
1.0312953285502149
0.5026662099368692
0.34973757183813803
-0.23973155652353306
0.4890351281693831
-0.20092459956519557
0.057141392945708185
-0.1065336019713111
-0.13185879645559723
-0.5142129662816776
0.03165772663049106
-0.5613216057911041
-0.6292976577834988
-0.973064342728258
-0.42673907462739324
-0.7979505023199771
-0.7181745465660302
-0.957719107675732
-0.5631022492621708
-0.9584617076233025
-0.4222159680357833
-0.07152679907819473
0.005700643876164842
-1.347102052487769
-0.39240259041588554
-0.6480635899519546
0.29289122657164435
0.5919239383712682
0.07092119497616343
0.29042210336731134
0.25340430906467004
0.6431515054291692
0.7656159864001393
0.7740442255544527
0.46737101098650025
0.7930663483483839
0.0927869475146891
-0.8191915971757479
-1.5163344017599547
-2.2542649416942897
-1.3698763343909
-2.494967598551141
-0.1686974593623306
-2.4155845612183238
-1.606683952314767
-0.33266885981925487
-0.5601492383874297
-0.2079316321848556
0.28527337776644657
0.2596395416671712
0.5215086576531225
0.50165356360878
0.41083162905634363
0.2864756358871092
0.15658499169857104
0.2664593599417663
0.5778503288473557
0.7753850959735206
1.296712194974872
0.22726863184461055
-2.2965039517826304
-0.5365071262729784
-0.3170892178295277
-2.725814220635426
-0.3696949758010126
0.06404267615182596
0.2180163448889096
0.16775923063250298
-0.21560661601045322
-0.3776409040599922
0.033140001668053795
0.4081962143406975
0.4168107815460622
0.3971728940569511
0.18613482759332287
0.10730755582905907
0.783810190367961
0.9164252539142159
0.5002815978808838
0.8638357191475077
0.9379099446828703
0.6233971510409317
0.6472469521625156
0.4919046166126484
0.3727644077709519
-0.030555475979089114
0.2728549603745918
0.5145680392814254
-0.8781825249824703
-0.5122982401345312
-0.20360158539334414
-0.6160636923929841
-0.23107709432330828
0.8547090171486502
0.9567746315100608
-0.36032439251487447
0.1834781711463429
0.5724446131653841
0.289134485106172
0.8472163813758603
0.7870898598910465
0.45280170322542046
0.05394509623694174
0.83604629756313
1.6386691800319761
0.3982440133383507
0.7641804938829341
0.8039544843344122
0.906929984456485
1.0226575671814782
0.7563521815780687
0.9654940894888594
0.8317394248026714
0.22120342862212442
-0.18405353202763763
0.2700705841274875
0.5915262048993003
0.6903116356872269
0.7498156990113846
0.19678442318646536
0.6577469518151715
1.062709085346312
0.6741804302004901
0.79858373961146
0.8351579360183609
0.41512360274537996
0.6193918613225533
0.551521378965513
0.8023713712938036
-0.272419720286489
0.35237438827095735
0.7475752148149486
0.7600999051764398
0.5451423236877155
0.06468899664795683
-0.7831108377116205
-0.16870810812761394
0.3541017096573611
0.7157462878285368
-0.15140169540200268
0.1565601113181409
0.05599512313014611
-0.2905263856640704
-1.708608614533792
-1.5909260909433756
-0.45331870079683434
-0.04096930108058413
0.4374008619062586
0.1695639009433987
-0.5611180994161192
-0.4806244061185294
-0.09108434006440651
-0.2806652711004046
-1.787941426445537
-0.3176898068746683
0.12856717080941632
0.1035968238648214
-1.2302242182707688
-1.2655662783372956
-1.3161235136875467
-1.0493938639162919
-0.6206512407272998
-1.0531625667417315
-1.8521362269481825
-2.3813826683736936
-2.404075748313667
-2.0850348229049698
-0.6903256195648529
-0.3407939174254393
-0.1187328041606656
-0.37839564974550266
-0.45225653465948745
-1.1418066411727334
-0.7110028201010665
-0.029868402388865352
-0.8105332272445007
-0.7400809629107227
-0.3858477193151305
-0.0837888343521218
0.5809082092671741
0.25322741084823375
-0.6771145206397039
-0.25041708400528295
0.30026616435005216
0.49701985730719744
0.499885400844593
0.621289815927387
0.5834446949590417
0.7674638516617917
0.7373502881472228
0.368282177541968
0.6625462267357517
0.4447493871968573
0.30131763561871516
-1.1703089278239807
-2.0481442954664297
-1.32369659459207
-1.3249963444125687
-1.696289450186457
-1.1356323316141779
-0.21521317097525502
-0.8785342057698716
-0.5678217790354215
-0.6065345947887739
-0.5495236803518471
-2.281519616379143
-1.2324233702824434
-0.5603492803626785
-0.1941898117387694
-0.2695305356196406
-1.3984668971014802
-1.541735311115504
-1.2780235024561242
-1.9314772592123735
-2.44902570235115
-1.539487567422504
-2.59970323661579
-3.4040035662372783
-1.322026053128948
0.1674376612514137
0.32597211926751424
0.07216525025971725
-0.1985159266598913
0.31143777831776676
-0.18692411295646522
0.057591618886719625
0.46408603983194485
0.6626066643208239
0.48340308419257594
0.7283705500951578
0.42530400673542856
0.671100261130728
0.5653781741689686
0.44148748956880557
0.4935393044654316
0.019098013976736723
-1.616485143757253
-0.8738704389351021
-0.5507030097024871
-0.14836158490875756
-0.2846882174807791
-1.4053739099284435
-0.9358866317642069
0.3941451566863955
-0.29730987416889565
0.5664500854134393
0.7847835806477718
-0.3286393837037571
0.5101909393710069
0.6248011188766849
0.9682254303158305
1.0203614705232786
0.8443346640008994
0.924798918955073
0.7273584120273162
0.6851498062471203
0.5124720742204654
-0.21931157429824458
-1.7604244778339804
-1.1930893072963982
0.1838789837577765
0.7616053959389283
-1.5279242507786928
-0.9277956809145155
-0.5454620133304108
0.17475408342574864
0.3810804359158506
0.4261803001583081
-1.5673940451680686
-2.515056900522535
-0.3707184641584743
-1.8867264451645342
-1.1960898246166887
-1.9788488058685072
-3.2047488252003866
-0.9468041744012301
-0.5511330211548682
-1.0369218268103408
-0.1653624128804697
0.37218605908039093
0.3801193353070351
-0.07799011805747655
0.30713913826255124
0.38801055390398675
-1.3402599747718764
-0.3821609482954087
-0.19950739395484574
-0.21521889665925073
-0.7016478775476224
-2.3433827443179416
-3.457066700421665
-2.3362634479021143
-1.7605692950753768
-0.9537621005323106
-0.3370772158191221
-0.5711527447638316
-2.410724900112358
-1.4685020536490618
-0.28460920963528324
-0.1449149288930394
0.14614143970358023
0.47072341637943116
-0.22287977105095808
-1.199506354626135
-1.108890559590692
0.14285025811404206
0.5855353657755343
0.18798575815909382
0.411387600303325
-0.06625948249362187
0.3766152872990176
0.03959893081071042
0.12927113339621082
-0.16987449264976875
-0.44157105674325026
-1.7197397078894145
-2.3766769974095046
-3.687517355110986
-2.7348939362717166
-1.1072973533370154
-0.9834679467376559
-2.0554702848739983
-2.413901564081781
-1.149647641335375
-2.1432254732231626
-3.253125689073399
-2.1018017005184024
-2.652488090504904
-1.902115459368374
-0.16214461391360752
-0.912527158942773
-0.6267689294146671
-0.5167197300047661
-1.0049543562483927
0.19111869698571224
-0.06813504726140797
0.51392771320673
0.8454534654147176
0.783913972945637
0.19916664316082805
-0.435144011554247
-1.3380768511402135
-0.39160289187266817
-0.06008193908177438
0.24004152840627546
0.22102809117208114
-0.2674456753772715
-1.2301438039774204
-2.2089118399935423
-1.2220151784871742
-1.406666397800047
-1.315090505395269
-0.974139636553151
-1.4967450801725566
-2.8378906487434707
-3.8519079469542157
-1.7296831786669449
-0.9144647492532322
-0.801050283375382
-2.0114341364400237
-1.4348622719015205
-2.2909687773311624
-2.047456110634797
-2.270301861837931
-0.9510942140127221
-1.2190857399533077
-1.9139625384486985
-1.8733727307948362
-2.2674387124969706
-0.7038122944776578
-0.1429546628694125
0.3999747808875558
0.3960209873909001
0.3473250263090816
0.27669240618301294
0.48111639842162446
0.17481523196477486
0.33916171648215165
-0.8397258529689728
-2.8603022588206226
-1.813094539771136
-0.9809512490514298
-1.2619666742148008
-0.8706740447168294
-0.884890488628628
-0.5149117459084899
-0.9442516716313325
-0.899215774826295
-1.1425937176684633
-2.051041555087102
-3.1068640236798584
-2.9594358278748687
-2.3578515887778235
-0.9224745516310792
-0.6279765977867696
0.030335417372462967
-0.11857529539318579
0.008791300546711853
0.2338875388130508
-0.461173433056589
-0.05911837633656837
-0.036311486311453076
0.5212287809334961
0.11090221908622845
0.49654158396445114
-0.10137004262312768
0.44794798549772186
0.45013799245191266
-0.08963921420991103
0.25547932822732244
0.3431357339280241
0.4592367860230968
-0.6351886557312605
-0.15399789011744522
0.21317030798109232
0.3668391846240179
0.38394595387267483
0.5032167415120761
0.2039264552938447
-0.37553956095243735
-0.608454013432281
-0.6013679868952302
-0.4511878070487112
-0.3549884233397038
0.3745319622517984
0.5475140292453025
-0.14042248339443258
-0.4977523557685831
-1.91461088978979
-0.21523937964493872
-0.392086535884678
0.3242988607762082
0.254322817976654
0.12477295961714209
-0.6116140676556275
-0.7103504296181543
-0.8836664741681932
-0.1933537155962195
-0.40915635512009985
-0.1789235248397877
0.16274835968716828
0.4130046872592855
0.4046396814001365
0.247577806563681
0.31696012906575377
0.16139254211217136
0.2961811233941687
-0.02601397326118006
0.16450419232012095
0.2242608442967897
0.37467468258586145
0.17452087810043657
-0.35773481135362784
0.24029612709766787
0.40231911204523507
0.240370384675417
0.22134379264982088
0.028912984440451536
0.3839077877992174
-0.07948906363754801
0.020758778366806622
0.3538206125463744
0.08782209538591362
-0.8295543313364306
-0.337526865252054
-0.2796103830478244
-0.058107083323950835
0.006354755422791028
0.1595743809817952
0.04844963382922382
0.04944047284796395
-0.1180650427783304
-0.45606545276899235
-0.7364915402603369
-0.3960309439276595
-1.1861634233162655
-0.16981885595535137
0.5354208534384213
0.5971447903710148
-0.04771408773961185
-0.6216385856504654
-1.484362409474828
-0.5187025209391302
-0.1856964439491327
0.05210692497065546
-0.08513324739949235
0.18334284747344576
-0.4166535601202265
-1.9427344463783793
-1.8264870147731098
-0.5417715477851716
0.11501054189519097
0.06410881258666945
0.46047904504200776
0.05600077788800452
-0.06852435734127257
-0.10614587232481594
-0.030456198873080563
0.0874452410548678
0.10329754802341644
-0.5070283186178538
-1.2795609947590674
-0.28317553057910105
-0.42034999155723174
0.05757733478495395
-0.028824135838685025
-0.42337547503770245
-0.11579797117592243
-0.13459238075432517
-1.9225139040882149
-2.2506710344260656
-1.5759400568005622
-0.10145636119815618
-0.04089655153389085
-0.14415264219369464
0.30615678187283646
0.4293547302287418
0.5200847174277023
0.2396081257964868
-0.44176575633240045
-0.7098321836160152
-0.2740708018182607
-0.8785142175767577
-2.448260914654947
-1.7157013640895542
-1.357514237333233
-1.1033256124418231
-1.7707658167311617
-3.047757787536312
-1.8349888000714072
-2.5754587985147372
-2.834049876665137
-1.331324810508312
-0.4224070665583658
0.23332558486444438
0.22655202259553564
0.43334632286942365
0.3720905243307231
0.24723961402620234
-0.7052610382387619
-0.8494012043434899
-0.02749436418679553
-0.019284797259943986
-0.5888265927453437
-1.9140221983795374
-1.3125091487199774
-0.10680376194696146
0.18349891256211623
0.5749102394288432
0.47133566333473653
0.32330690375400084
0.6223381520887552
0.7147220520454727
0.8866850159538379
0.7978621196928721
0.3899278690148299
0.6648465436004151
0.7227592791447169
0.898554062563493
0.11247863366841146
0.3980571053609391
0.4812898555946765
0.5829587389927382
0.4625399789505753
0.3819778634842026
0.26780065230858074
0.5602863130151441
0.5093510078127398
0.2763465497502863
0.5771946644415321
0.1257142475326461
0.3171643819122367
0.30510694672875727
0.1562487501259486
0.3993812817098593
0.6863189538747843
0.6963355500165752
0.22395773877915715
-0.21950418449608092
0.06550429861264379
-0.6757367929075533
-2.1678395024964128
-3.080200042010888
-1.3073912153699447
-1.3022277608933077
-3.0008943772664485
-3.5447572202129014
-1.0054161552843939
-0.057964485325198385
-0.1919593168466957
0.07341112855006765
0.3594836848181402
0.31333514594001366
0.25664054525419255
-0.9304208322630076
-0.8155820198009166
-0.28594333663955906
-0.11110843605380476
-0.2840183100355097
-0.06115712760492656
-0.6629873655129688
-0.09201029800772256
0.10039611424298285
-0.71030876741076
-1.8976181157431902
-0.9727660922033978
0.3070147375605986
0.24196296318146737
0.2677217700273131
0.4848280308412034
0.7239788338108096
0.03384164098265908
-1.3326697210992338
-0.5095481524735087
-0.013138162045559787
-1.2036816048074896
-0.3864154488027858
0.10593542699942315
-0.10798093766558295
0.2473421729733476
0.14843673753180833
0.2197617933138091
0.33511451011927995
0.29323126465264815
0.23377652698138354
-0.031439266840476765
0.3100927012813208
-0.0423743288412463
0.0537030040119595
-0.16945619996824407
0.11959915993166677
0.2464035009423069
-1.3826764258068884
-2.4319491066847867
-2.621308883591978
-0.9346613184472823
-1.5321736378507105
-0.34407365762969755
-0.3442038018645479
0.20804686964320804
-0.023552521182725262
0.17456429257303
-0.1486501938646322
0.012829815106497505
-0.012489312348124847
0.08083550995018936
-0.9540132311010899
-0.417174794007077
-0.5639285852768233
-1.2350288004716077
-2.5778247927579043
-1.0400708455738803
-0.4391941388857773
-0.8046007592701419
-0.565878607703107
-1.8686493735939829
-2.5291907995046112
-1.7456891914666994
-0.413582348068127
-0.4748617610089052
-0.0977188014294117
-0.5879307249259591
-0.590993967328262
-0.3680687160502306
-0.05597718115373234
0.10814200495726728
0.09668588823881127
-1.4034455230837766
-0.4315852782322558
0.17086065614235968
0.030987793138604842
0.3487974072026898
-0.2918561464681868
-0.6317249621770553
-0.8317652379840247
-1.1867926520278433
-0.8333976411621724
-0.6338095310977774
-0.38948252267077144
-0.6919102557460594
-0.04537583847895934
-0.20591096114999324
0.3279593093576926
0.7295260209995115
0.5171607041495709
0.8426111992944243
0.5439744895791596
0.7244325440595071
0.5774567987663131
0.13011576730171848
-0.06891661469318217
0.04938698467334247
-0.6175291147705007
0.12667021191256927
-0.05895473909633671
0.11885320688628655
0.4851523841021438
0.23538157184078598
-1.2875545298270383
-1.8935624558669861
0.05954901042951028
-1.2185273310679337
-1.3256363814452516
-0.5529859673472151
-1.058122231036182
-0.8559278989145715
-0.20869521314624648
-0.16456044954691695
-0.3487708074281618
-0.9712497078269793
-1.293439259232579
-0.9146536621661729
-1.9467710148230246
-3.0556257996923017
-1.8837491695636284
-0.22458764014537758
0.24527272423030472
-0.004360874689983342
0.26297375611987905
0.32529831181498314
0.493550670942398
0.3851667190511361
-0.38035611156526583
-1.1387175393890225
-0.1648939258752953
0.28385413456101827
0.21835167991777987
0.11966243507551812
-0.9580475511480027
-0.3954137948577161
-0.38117305076360986
0.1138893392097216
0.4927428417488182
0.05848632215950663
0.515917385043678
0.3558374237556884
0.34399070759450845
-0.024362228702982477
-0.8240347196128484
-0.6679635674561806
-0.847305093565706
-0.08431591047404541
0.16965255175902477
0.5514416543390988
0.16404030302431952
0.4735886666156698
0.783271441283974
0.9631325412552583
0.728912186889346
0.8899169699041187
1.0523431356766044
-0.24784712532988343
0.6279398819728917
0.5425343858190622
0.7215866442651342
0.2524598126140132
0.062070770013793616
0.41787772895084907
0.06073054484080041
-0.14704381554354215
-0.3861295127163721
-0.37784262650103706
-2.6222436918512884
-1.6562857146722403
-0.24553512734600047
-0.3458892942510683
0.17141579139192328
0.26813761819285775
0.5261008239209273
-0.9205652918655799
-2.6419145545375082
-0.9743280027992671
-1.5728583934079614
-2.0030113607488476
-0.7051756656618283
0.13691473981935837
0.4845888448101763
0.33276531852698843
0.1523465252481271
-0.46505526624323634
0.03162420757698535
0.3228740076710561
0.28818668873791653
0.3090529712811221
0.45677054295850006
0.7081734463641283
0.32626947248986704
-0.21262807791324256
0.22010902502298
-0.9471307768697191
0.029193538263512314
0.29662247225000204
0.1383134407943465
-0.7696783895511459
0.23064699777891262
0.3708967626833839
0.1813081888088155
-0.5351296613097597
-1.1103358991031682
0.27900439695654233
0.6960602486268247
-0.18998965900259193
-0.6135267417161363
0.11738944496932449
0.5683851315885177
0.6856605124498982
0.4250614358743009
-0.39273218714819413
-0.20837104991556973
-0.05932931163374089
0.04099321403369776
-1.6103179374053056
-0.2888664583823769
-0.3571663135297186
0.2079954809066637
0.1348750433600093
-0.6488044342674052
-1.4868930629755661
-0.22913744058918598
0.47689859410643654
0.4862495976436534
0.39441563543692937
0.6579280940273426
1.0525957101758423
-0.037351044142676135
0.20007955280417034
-0.268987374677238
0.22420459523484326
-0.3512438650713141
0.7366509104641982
0.43071411594539233
-0.543296884968756
0.12322006349758387
0.19142087680187983
0.07970208932746554
0.2992010566509814
-0.3433585980907785
0.6122778842123997
0.8627795063556484
-0.036644729298923887
-0.6264548029904241
-0.7512766651514412
-1.1748117211621014
-0.8665553881540321
-0.7791262995943212
-0.17231679219853047
-0.07675248310782455
0.21121503791439716
0.2107680839219816
0.032709678200839115
-0.5247549664063363
0.29655818887232743
0.1554446067068756
-0.1729777597892739
0.3176440684242102
-0.028464384253541822
0.4830104879952555
0.04750061524836928
0.38969213334466757
-0.48533180566800127
-0.7090583424386626
0.04362520666361242
0.03138117886799153
0.14905225844197695
-0.2866996922815127
-0.6103901251463164
-0.31467906928379674
0.2984302182414933
0.3176233728636586
0.6735185655059844
0.359142170331084
0.17467936362338204
0.4215255642610033
0.6564472061406337
1.0479955644549552
0.7247737730664188
0.6896547363099662
-0.8090806062683228
0.042564291819135756
-0.678838542200996
-0.05833407794908945
0.3033665138753323
0.5018012184687435
-0.030509426952024812
-0.8987659466385286
-1.7432932105785337
-0.9131682729312902
-0.024391268083047608
-0.13917363427747803
0.12285529577485294
0.2841273664600943
-0.1951875262496156
-0.3090598415531589
-0.08774790658692126
0.1507448033280278
-0.04813361074976511
0.4476213378270506
0.3569693636437167
0.9633726166490996
0.9717952289162991
0.9302739333696308
0.9634035919145314
-0.1798917450058103
-0.461977997815029
-0.30561314680127705
-0.028688861680916215
-0.2643915444136028
0.31860839398656693
0.5327983169220579
0.8837616667852807
0.9644485358470986
0.9339862660076663
0.9560891077198727
0.4620456293817877
0.8246827119679595
0.7722922948537931
0.6548830237376173
0.4872607614871922
0.4053782715777504
0.19422825023695162
0.3070490017561607
0.5624609391751471
-0.3712396105282899
-0.13833426928982442
0.1129470755806072
-0.48096392263871823
-0.42824555703298495
-0.5723787808162675
-0.21843172816009887
-0.8523889929428867
-0.30874210085789466
-0.00036292302267134247
0.2038015086987687
0.16657664948469417
-0.21699755102360613
-0.10003924297027508
0.08072243639700519
-0.40012833560812333
-1.1994073630163224
-1.6567343360757114
-0.9928567921303177
-0.8234656052714371
-0.3731340058746383
-0.35835775700852734
-0.4987726257993921
-0.642125464665903
-0.7672638624037617
-0.47801143410668356
-0.17505751526911056
-0.042341140370361845
0.2983916928207391
-0.1467373962081332
-0.11078674908796844
-0.03326086301034519
-0.37486936917178226
-0.37326436806096597
-0.6715907613716441
0.3439210549329429
0.5346111665628259
0.4652689913305591
0.4852818934737442
0.5929155596180585
0.18324952223724694
0.5141210217136726
0.4364098543377086
0.6263810233962506
0.6896442767026656
0.4892928018437872
0.4600286297347629
0.48010281929718257
0.2766030690533704
-0.28563574801655967
-0.3252596700024155
0.002058478964544754
-0.32777057370301466
-0.16586853274226435
0.021930544199650445
-1.4004925603819955
-1.7145218181141522
-2.217164202582393
-2.694799198441547
-2.5422279548425535
-3.2313201785402934
-2.0236459939887377
-0.704669473690601
0.13623751696172462
0.2170389617984357
0.3588113979833134
0.22623705801399585
0.3951642024431994
0.5887831764616277
0.645802288967449
0.5299948893177348
0.32042935420069174
0.25493977318820826
0.02835228919790223
0.42220832155953913
-0.13336182738487704
-0.037684432201671884
0.4162282605494949
0.3103710320637253
0.09072903341611697
-0.49738588985378074
-0.2616234229228347
-0.0778993041065592
0.3739648020179839
0.4290611209078553
0.5034488850315042
0.5885508950079646
0.4757858199546118
0.4227340805805758
0.6187571484109688
0.44393051868213274
0.09894394441633692
-0.12753407273550554
0.14742249154187825
-0.4426195852365479
0.05575976044735722
-0.46625741791054354
-0.08021135785246306
-0.6485517147156782
-0.26370863843513037
-0.5266432999348898
-0.6882888093389856
-0.46734061290294227
-1.304460374568242
-1.608163138849913
-1.3910362754042975
-1.6954403913022027
-1.5480365231617448
-1.4895982984136906
-2.446142746488792
-2.7791054618742788
-2.864008920054341
-3.3085908393477372
-1.539886785268892
-0.5642357030877456
0.015964746405004098
-1.3948949924133243
-0.3977663974709367
-1.3912730003935492
-1.5699884002483004
-0.6850808564304868
-1.9555358877717712
-1.2195822105611258
-0.3837381423743186
0.048572019709643276
-0.1646821681317455
-0.4717699345861954
-0.3013824726139406
-1.1026681294649303
-1.042597613045746
-0.7109564554995847
-0.6181591616583751
-0.7656745598301713
-0.3347659136533069
0.01738122340700017
-0.0017983533558300902
-0.07678386856388751
0.1761184153187743
0.4707053461880889
0.5240489854363458
0.23343035682393765
0.1119204362273928
-0.08989592661419427
-0.11615697897075684
0.16577074662677294
-0.011710390671040759
-1.6330322780904054
-1.893878856893493
-1.045881722936861
-0.199605981693878
-0.3919186559113086
-0.3447431147908381
0.3794652914767692
0.36527922530983137
0.3770366551368116
0.4129842423214427
0.4420979591947952
-0.6186236406695104
-1.3650969768333212
-0.2760875450113617
0.20973660574629946
-0.8484627129260892
-0.8961137331341986
-1.1491462160043588
-1.893515757229017
-1.9651730933912892
-1.26654935320958
-1.2645943469910663
-1.0193792575003116
-0.8671679133260589
-0.46930495380448256
-0.12622697250746104
0.24574002353416263
-0.36062138100226193
-0.43370844809422604
-1.1022099520950852
-0.6151419437478113
-0.9950825606509778
-0.006729873431480855
-0.10198052801185672
-0.5118979921259464
0.15487854621455058
-1.0902472203623352
-0.13972101630844908
0.3116858097580084
-0.70831082257234
-0.7862758370983506
-0.5724183358848092
-0.1847457502648612
-0.4924264644457784
-1.4106375829931206
-0.8738446417347951
-0.498720045243226
-0.5275464206374395
-0.5742655782381324
-0.4041299753728482
-1.4962788421501707
-2.041749753399525
-2.64941375016376
-0.7160950927910564
-0.17973131804402906
0.3121349848353261
0.6736255591568524
0.03545090070934255
-1.1550402822715902
-2.2190183849331655
-2.433813272749308
-3.1746567751754675
-1.897127579819144
-1.5312761926504108
-1.3817604881847556
-1.553746794805037
-1.1051785357447401
-1.6741736701624503
-1.1566252780800217
-1.7039353961791206
-1.4726460380951143
-0.2986935052620324
0.09448309789650365
-0.07884281564537894
-0.3025315510021327
0.10841089625970597
-0.8703479037759917
-0.3182497072299181
-0.24454206548091534
-0.679825580689524
-1.1229811738395452
-1.5865749535600107
-2.426094582590512
-2.2444083246380493
-2.251129310280981
-2.252343693169753
-1.8826803466384452
-1.2440112235576557
-1.0043628327316152
-0.7453972619155759
-0.9995357068517715
-0.6645060230327909
-0.16050312120629392
-0.14347740775814746
-0.9443574229108512
-1.138150249338305
-1.5425668883801673
-1.7675169701795168
-0.7948135548105388
-0.9880696603433233
-1.4278110550390846
-1.1769992283122477
-1.6297689032468197
-2.071217854064312
-1.938792665464276
-1.512223081468685
-1.1307596964955342
-1.4074431633216178
-2.183809422057081
-1.9937537258503342
-0.9476646805159555
-0.752472353406758
-0.735067229548093
-0.8546367623717896
-1.783730801664822
-0.528299421236816
-0.39408784092307303
-0.19587074837285515
-0.1304285629611077
-0.22391901531729305
0.10197979547113985
0.6128223598087572
-0.035977844186088015
0.543944737983573
0.7618010688095591
0.6002587223424017
1.1248439606102416
1.3220215712499537
1.2007526293928605
0.8290168321255834
0.9008025940038143
-0.3041162122028537
0.4511405744983996
-0.3809341384868492
0.5333408099488411
-0.03295869021081924
0.19645007744136092
0.3935707081366412
0.9078916549030204
0.6323479333804114
0.24311933688354842
0.019596899406898093
-0.7302369457404405
-0.12132136872657434
0.6104659045908752
0.030946786577030344
0.420775579529024
-0.051651816999029244
0.40512466222971977
0.7083830097356931
0.8217374729367768
0.6478775269747716
0.75788087032618
0.7362428490070153
0.8189957773130359
0.47379381346797966
0.8073137988233785
0.8026929662399721
0.6125417921455258
-0.6185828702836681
-1.1821398948271507
-1.7312468098039389
-0.6527183595715893
-0.751297340787231
-0.5302253718001624
0.2747377326264354
0.3748545909886566
0.3347026444458042
0.5689094205520301
0.42918037821136457
1.1988927767626947
0.9157225642067451
0.49537441890991085
1.1088951944312126
0.7215350094470614
0.7578316831323698
0.9719982650800468
1.2111402760295353
0.9362470582390919
0.44573744461804377
0.6768254675017535
-0.45320317807067856
0.1617265670859074
0.5901548988551325
0.7674822745066552
0.4802671793599461
0.3930696399856235
0.27349823937335926
0.2895566328516139
0.3791433311929735
0.5804902008434901
0.3301032607934169
0.9443687255219311
0.9300487137393146
-0.23081552942317551
0.4781879225547848
-1.2144072123855083
-0.3431557993258605
0.5295012010364828
0.6283398096362003
0.5922312942055362
1.0882643235565366
0.8191261508758115
0.1683327844117698
0.5097402064924167
1.1225985272372017
1.1556980365459064
0.6333271119675111
-0.10043423786415061
-0.8074580039247148
-1.8795951596584541
-2.186140298096216
-0.542452908963482
0.6018425850629407
0.5363303970613729
-0.9030726262562392
-2.339499656902882
-2.230626745938391
-1.5122590020916529
-1.278256615522997
-1.1242300558339668
-0.9421740175365031
-0.9540255371898044
-0.7333607160271931
-0.3381098028050983
-0.28472748403080916
-0.17203853188698437
0.010524405199209975
0.040357524048568454
0.3776059584113095
0.08227627746583466
0.3154004021629744
0.6784279044092816
0.4399683141055605
0.6321037750925289
0.9328892513824774
1.0069744957604005
0.8914760856343494
-0.38434485420759834
-0.1672567460451344
-0.12389912797290314
-1.5148915962392082
-2.16277288519504
-3.0158795516284997
-3.738860845334033
-1.5884147319203694
-0.6549257503187802
-0.07179774448714844
-0.007377555427010246
0.26298155642047705
0.44439974230714907
0.395032743998864
0.22315917986119035
0.20597788447021126
0.37239998773124017
0.5237872064413649
-0.16468461415205363
-0.5576784381961308
-1.4195051609169822
-1.8003885119732332
-2.3717855630967986
-2.160173392857496
-1.695510025445143
-1.370377172246587
-1.3160798809142111
-2.0687164953184647
-1.3527132089259628
-0.5695167001942313
-0.3503254287766988
0.37394694506216697
0.03728562961852874
-0.2671564124156659
-0.16303670208912358
-0.5624308046532475
-0.3910828798139667
-0.2961620252937044
0.05754947006321955
0.06725321191066053
0.019939308551699158
-0.32024356563733336
-1.013163551391731
0.2444120893716485
0.5270362295737134
0.9159096630539063
1.042230831721734
1.1538987533218463
1.1394808644449503
1.2826715071489594
1.1127366533129606
1.4643066251461718
1.2950340781103546
1.3513773947530061
1.425951819877868
1.49479548643748
1.3644703408131311
1.4158340934060134
1.5379842997097104
1.7301958989173882
1.5070740808942713
1.8084634288036006
1.800767491291101
1.7019965216356503
1.162217193414164
1.71415798428644
1.4505549707935563
1.3264228269300513
1.4912086937167828
1.3424182146368187
1.4307671238219573
1.4962134418483337
1.5642270516415449
1.3982884031134644
1.8563711385528834
1.3670956828250997
0.9775789622790513
-0.15522086444735342
-2.064447067670053
-2.49640349798424
-2.293102734303057
-2.961386909472006
-0.5448362030393766
0.35231077146888845
0.15041059206591473
-0.10879991671776972
0.2353342348521347
0.28863863337276396
0.4660365510691633
0.49846845083536495
-0.16538378105166077
-0.06566693580465925
-0.27635295760382006
-0.10730186607063667
0.34953681380883594
-0.4787267188350671
-0.7859756971163918
-0.12682005932629856
0.49841609085652716
0.7502056635606733
0.285497768737645
0.4139629604149828
0.3801710576971117
0.9253410275537849
0.9235087126521643
1.1954922034636148
1.150619535748728
0.5121661437123824
0.9723509379307936
1.4150713587467567
1.2639863654003565
0.9032494527123855
0.7452292427007499
0.822591585726328
1.0826369306330972
0.8817150267306353
1.0011094754929257
1.3192713914246588
1.2024506109579254
1.1648072546180426
1.3320444637195707
1.2370759963333133
0.6313166585404488
0.8344124594739847
0.8941398522467109
-1.4450371086668432
-1.5012479056705732
-1.3072377275833766
-0.4567364921062931
-0.9599333923283402
-0.07195590362554895
0.13651575386970502
0.027195618216682288
0.7908721624822573
0.6507026024133382
1.0631384526134737
1.3379554354799261
1.328081706030426
0.6391391552052531
0.5860863124252369
0.37771606187790174
-0.804883757583784
-1.686569647594665
-2.416633858023358
-2.205797217744209
-0.7088917596954841
-2.2359279902725357
-2.182160847731603
-1.1620380840451836
-1.0197321926164633
-2.0698943231434406
-3.3075925370262977
-2.06712165339706
-1.5834523090343977
-1.0231451696881968
-0.29084532918816175
-0.2213374234816559
-0.545144854215392
-0.9269482049410771
-1.0238744535796733
-0.24666299761608088
0.19584670568737142
0.5320761807141894
0.8388920927574199
0.8106161416888807
0.9047116804020792
0.736561401032398
0.8468511475356291
0.1782435804001462
0.40560282896244226
-0.3796198435596818
0.33586320056300367
0.3714903988729449
0.20594645735641245
0.45936615369406
0.7405734108540888
0.8919157974872272
0.3209931488555243
1.1015759547551405
0.6383515015239448
0.6264043728224598
0.11508097517212716
0.22432850495453796
0.07928322353511438
0.02646832889131994
-0.3479781893331265
-1.5352463483323462
-1.1418067213439218
-1.9413193335754666
-2.4303199298815867
-1.4058276901655864
-0.9899224219718009
-1.0602226197947135
-2.5493894675218587
-1.0092298051126265
-1.626556433024772
-2.4948480417185612
-0.8909567163049775
-0.5936036111153855
-0.7514066402799662
-0.7667357091930274
-1.533231591448427
-1.2401306812686923
-0.31591223894123854
-1.1576569019181588
-1.5875601196750573
-2.430854519248337
-1.8595731175684134
-2.08119034151628
-1.2013810536172964
-2.824626908852209
-1.384671202933396
-2.0659491166577837
-2.0424083806136912
-0.38261177721331263
0.689182830397933
0.6912431821478431
0.9446720260988448
0.7045604788226619
0.6059117914725657
-0.501572583069432
-1.2953339118681442
-0.8065466924035756
0.21180223035639287
0.7756303548000929
0.5736199540006149
-1.3349351498895916
-0.6042287589007033
0.23735362740716204
0.48358712280346716
0.8930869336706556
0.831136565186409
0.9460727724456205
0.9631413635861962
0.7926832264446163
1.0172909262181615
0.8287764050613272
0.8032334955835999
0.8163200777346802
0.6623695684091376
-0.6587579184160004
-0.1463171668971591
0.5432970468494616
0.8191001466890536
0.17331769233308977
-0.7119940767757875
-3.075441534922184
-1.3878478100166696
-0.6900371839468038
-1.0298086717775332
0.17346224089244136
0.2373391829501632
0.11598037191248264
-0.5055482675024323
-0.5836827085248186
-0.4989504556651525
-0.848292046167649
-0.0819808960150271
0.6285399672532814
0.24856698273845007
0.2035430029162774
0.5511667157519483
0.646410609948356
0.5361180399871114
0.15441090200570692
-0.8195967334146174
-0.4829359854202179
-1.517421865284892
-2.206111591750911
-2.504608476221547
-0.6398898447091944
-1.9938227793873229
-0.3084387224181878
0.19084213833833905
0.6492703463081138
0.526213650884444
0.3928102193184765
0.4028288754533397
-0.3012395795238946
0.40876099400007604
0.549638451979312
-0.0775589796732149
-1.1517441623361053
-0.711934337051348
-0.04417151871737095
-0.5756017138163005
-2.401410043010614
-0.7278814862953347
-1.4218577607483205
-0.5327502868359395
0.34399748049755297
1.1011591998991601
0.8453886826588382
0.5388950819575747
-1.0600555955482018
-0.5945837433873126
0.4498795265050921
0.07046726393741115
-1.9569020590783206
-0.30955640709882093
-0.43163339271904877
-1.1473775510905615
0.16068960883653174
-0.07353355577502542
-2.006647603391922
-1.9981377104380877
-2.9357225104302818
-2.146907055301599
-0.9698747376555471
-1.5441364901733212
-1.1821875632779812
-1.0639696393691966
-0.7771378006566031
-0.642564580424711
-0.6460390314792618
-0.3387416623952876
-0.8887287501699693
-0.02116494676921058
-0.1646753508708215
0.10563880327100826
0.11513541638414344
-0.004809252032828545
-0.565100960591621
-0.28770234773811565
-0.6231036787997025
-1.4884625419473387
-0.48830983351176516
-0.7071678234639251
-0.8061430321045425
-0.3016316913756625
-0.9653600404029196
-0.7435251474564633
-0.22613511335971612
0.3637858094254085
0.5973305189697836
0.6448634824069165
0.4490642045051525
0.5784630022953968
-0.02496703266852658
-0.3194519175897117
-0.3149695324581039
-0.6511328265902306
-0.586228650269554
-0.13887860728420517
0.09901179795228875
-0.13256618577465748
-0.6314137400943624
-0.789505624529278
-2.007981936679741
-2.9831836535458027
-2.9413187070838402
-2.941903666367065
-2.5190793645565295
