0.3498954280499173
0.21533558360148208
0.04075132435077635
0.19698133068473195
0.33501170123665064
0.263380125432176
-0.025936858569209895
0.13816310183725572
0.021976976590174915
0.2748329665027105
-0.5353422594286589
-0.5870462418540908
-0.25288610450583643
0.1245183438042542
-0.06062366195291574
0.09512362801690014
0.2566866708166748
0.2720000185234698
0.25890480863663745
0.47453925907105027
0.4762499463041252
0.4796563932149314
0.6975274114167225
0.7685491504004549
0.659266675607356
0.6412446681527716
0.7622832835775295
0.5831293373757068
0.3996640923039759
0.2646837382104748
0.13486022240366566
0.5567167408685219
0.38283599498849824
0.4783960569353059
0.4342905212827999
0.2724771674986061
0.4783932992142709
0.3741691532904646
0.38937953180071844
0.43548112678673084
0.5440117419106458
0.7645656357400783
0.593917928351692
0.3731427509004541
0.4731609948046849
0.1547965974509601
0.4898748930478296
0.34587658468690946
0.4988961650135621
0.36279584480277594
0.2866891265447707
0.19352742926075675
0.05015679404953107
0.3682011584934629
0.13991489941346819
0.27225251562322217
0.3929395926144708
0.22150951843721597
0.6755314566178142
0.5381468111213561
0.555142442631673
0.17688709137200243
0.13063270029209278
0.0827968784496109
0.30402503647515444
-0.03248062627526955
0.0675357801650598
-0.17556205535144254
-0.5846395212559619
-0.41634390288693574
-0.07766871812606871
-0.33358098969050065
0.028021530816178288
0.1027919976440609
0.38334450247911717
-0.02174199197537066
0.20733160714019871
0.4331049597739521
0.5621075195745643
0.5168213799451873
0.4836120198241051
0.5420829015771925
0.5804818939709036
0.40912669105328897
0.7466311760233817
0.8517020484648947
0.8290013460154112
0.6917113437366561
0.8842940718643816
0.980410630427539
0.8457993814450167
0.8396160093609157
0.7426385085286362
0.6791528915768638
-0.05725967704471571
0.39221113917680983
0.4382291657224575
0.540940417988192
0.7104776517225465
0.44454396574264493
0.513368296747675
0.5438849811235972
0.6554354018942548
0.4674140918600389
0.615386122178672
0.8717311282475871
0.8758125480179662
0.8115843933165454
0.761720678245092
0.6639232672308282
0.7034857072934915
0.60637376890499
0.7876756510917903
-0.08329661129319985
-0.29205762895830745
-0.30671847215873427
-0.34865421683583975
-0.2608440641683879
-0.15574053338181706
0.10090859913548363
0.2429631911667588
0.010802120162404913
-0.1884278233317589
0.1309927883423274
0.15476332828980002
0.24972093553794122
0.33318970078898397
0.4769795673379786
0.7907815600206625
0.47036570161486857
0.8066753768171611
1.0055027478812377
1.038646751638849
0.7448750782391979
0.7860114219342436
1.0415838969341458
0.7782508881250589
0.8423516875695579
1.1905717997592042
0.6921069628962642
0.8205553856729167
-0.7785131148209512
-1.0129277291553318
0.31642043591648844
0.6129362519766102
-1.0176534586291388
0.5090239038610079
0.36494125042228026
0.5549684034945234
-1.8515063207571945
-1.6032609298958516
-1.6089097229023162
-1.031754097074035
-1.458771433542863
-1.405289098087556
-2.128547564222598
-1.5797712327835955
-1.4302802172861457
-1.6212108600527013
-2.0924058046377296
-2.306807930608916
-1.5348433106905743
-0.4892543663970983
0.12755386645992292
0.009001096462442827
0.22519466944054195
0.5140686757495402
0.4396408685714587
0.5537168138211442
0.5943943146648535
0.8429319438755728
0.7377992372206775
0.46525268289221533
0.9357633907902199
1.0763873721722366
1.0056905120099042
0.9760853961813197
1.0585836643822497
0.6806757857645466
0.9779372504358254
0.7138204860673796
1.052762319851548
1.000804069892217
0.06346352676875334
0.75632681853292
0.784022607348813
0.8996772343941145
0.11405648992051634
0.590874448084694
0.5763672686557879
0.6198194926537574
0.7169890511561048
0.7135027689421068
0.4215881788444752
0.5545325809287595
0.279146853356777
0.11313450787681906
0.4127733364509827
-0.6879690251050186
0.06747451038069703
-0.08120437749916659
0.1235036242966292
0.1914216715452787
-0.29500110489921544
-0.29286116364665987
0.04407874445874374
-0.41782554697785007
-0.11838989763243124
-0.41446958634895764
-1.245394714764492
-2.059205869159588
-1.0206363849502662
-0.41736155584955803
0.16823455539844706
0.01410402182333248
0.3400551895805767
0.3073563804140392
0.37727556009491386
0.424171544074293
0.2209882217695837
0.4729161134913899
0.8043841612330869
0.1429747987656233
-1.8663940617301025
-0.47839541928623885
0.08579397970628738
0.33003395051146145
0.7647689348965833
0.47254668747784656
0.1514397057639476
-0.00651539662800212
-1.0144229396645297
-1.789217138319085
-1.5431242241230285
-0.7073795281087251
-0.6654642788779331
-0.6475415526368314
-0.04171798505383763
-0.07114081288310431
0.057371591392980564
0.29270252404164043
0.4323406854792967
-0.8247442040492415
-1.5607277311170409
-1.247936820986232
-0.9790869963691151
-0.8699153371837267
-0.375729643841456
-0.5062858531179522
-0.15340475170062604
0.2521541377226343
0.47942389759350473
0.10138408303726006
0.28198268675495025
-0.7106405230130229
-0.09564101045305343
0.27898958840441573
0.3849980615116265
-0.4279660866516297
0.03761938470604555
0.269132735457124
0.32019771749114606
0.47806166113446386
0.07543900165588814
-0.06464030398452325
0.5973444155436989
0.7821311081670823
0.3776548142210717
0.2957245772251872
-0.21999570149028436
0.3085734251862383
-0.2333424993702092
0.02797331724510265
-0.2420721551424557
-0.06935340205945288
-0.49338213025225613
0.08045943037249342
-0.5742882312179582
-0.6282639855922445
-0.9219571619275267
-0.5728162612004424
-0.8068414367024763
-0.7924890498692503
-0.9703636458390569
-0.6707502243097327
-0.7708140897761517
-0.3025107615504118
-0.2893916859178451
-0.02969048020302695
-1.0939373514591646
-0.39789408923806613
-0.600014543444163
0.22173559864518716
0.49707815208677364
0.16556351442858028
0.24580987111117078
0.2602424663883594
0.5528513682877509
0.5422908605518467
0.6730498850235437
0.45834184006524736
0.6434334205822106
0.2566395640937453
-0.489622796438446
-1.1462579473961072
-1.8487261363467316
-0.9978926339928336
-1.9167769523627827
-0.3492017495206736
-1.992301234631767
-1.2323246720680099
-0.5163112890937489
-0.447418982765391
-0.09644294571509407
0.2772924372583048
0.27799387404999604
0.4523198752932537
0.5860776061622247
0.3949758234074661
0.26846510426144415
0.24612888466031704
0.24356299928834968
0.3801568866801903
0.5702449861648063
1.0343909730375827
0.1874841883847998
-1.7011940109040649
-0.8078686306572924
-0.5717311556491648
-1.6311131060989306
-0.49151586454984486
-0.16820380526777257
0.08968890752154343
0.18461991017821322
-0.2396473393555626
-0.1447409272990971
0.19832321378534037
0.32653920518662
0.4494305286899566
0.4490306558173849
0.22385593910409857
0.0738892132199653
0.5489687779771765
0.7730818214167983
0.5412621593492757
0.7135269074194994
0.779424363374313
0.4965075154079667
0.498775603551759
0.42018324828001574
0.4219543198786524
-0.0064520447652832566
0.15529583546531497
0.22089133699173857
-0.415528343102521
-0.272757035542485
-0.20921746187072854
-0.3311011135842886
-0.08391238997294961
0.5846363329423838
0.8950972883413882
-0.09784156245803298
0.2040890941538842
0.561210508486005
0.3752048186342765
0.6498491475306246
0.7861215294087522
0.5020479020860362
0.101972163625742
0.6672219439712626
1.0936318743880358
0.4574206797667352
0.7461072980380286
0.8172020821664295
0.8197991595098326
0.9125649461038927
0.7364634897410285
0.7943587538981238
0.7814001556036982
0.2547289239331211
-0.08380783647033054
0.2888712360238136
0.4807108322776613
0.6001616479252176
0.6916970514124096
0.24046404742758615
0.5605093483829809
1.0593201013746485
0.6860977457118004
0.6706647860400461
0.7222869595926312
0.5166770744429626
0.6191270640893697
0.5323310971387087
0.6404647008961821
-0.17705331675391078
0.41415903087475575
0.6887497983700458
0.7182735549116881
0.5290546434456727
0.16354974310101322
-0.6737650441238413
-0.12780382056006673
0.2596850335063137
0.5899561483374997
-0.06262651620862797
0.11895929018062831
0.06670485181546358
-0.15414671515853678
-1.4989905824037935
-1.1126458495953344
-0.4022820022781023
0.027473607329512685
0.24284204987053992
0.044543043574712865
-0.4615634182918451
-0.395626659428876
-0.036068091616978167
-0.3592601169633865
-1.5905458330513553
-0.3173040233319233
0.08955127660404469
0.08744587736397805
-1.0952210858008584
-0.9146219995885915
-1.2319488063919035
-0.9047180007028625
-0.33402275477640575
-0.8628086762315769
-1.3974160720413824
-1.9248214144825406
-1.8188626713066272
-1.4667412118753596
-0.527029432019234
-0.30908065763601006
-0.16619073168482465
-0.28048476818806783
-0.3238883735959883
-1.0461749761555972
-0.4474885689937543
-0.009864333700324827
-0.6031349976897373
-0.4712051635865932
-0.21412086566892785
0.05205437010110062
0.418213930150239
0.3368036527662329
-0.644442595580179
-0.1297566268663259
0.375206695418454
0.5231048584729168
0.3807738053437566
0.6131015958258285
0.6861832251337823
0.6418340088741726
0.6780989396805025
0.2995996282440903
0.522557032489881
0.35805172059831075
0.29721333528331695
-1.046266642514726
-1.7073645635146004
-1.0999030690334684
-1.202327579729803
-1.7776247964181242
-0.951479683661702
-0.1898286437613679
-0.8863442023547906
-0.4585159500275218
-0.4080770245681114
-0.3563193253345526
-1.8726552685759783
-0.9246126776092451
-0.5735234428110157
-0.03442173710086563
-0.11689852054864876
-1.4317543358373326
-0.9990315898567074
-1.0172961254105826
-1.6875004910605018
-2.0258745761196635
-1.489910594764193
-2.052278331364171
-2.4112083609720423
-1.0182754957471531
0.09707982490897907
0.38077417622593396
0.12967403748695405
0.017168129423617753
0.3234411726264294
-0.13301834964929476
0.09443670453692991
0.3388350574273293
0.34241879417793203
0.3151856988925238
0.5343782863221929
0.3198041910391745
0.5417236449975967
0.3941586041777402
0.3406874021286575
0.34053342198482073
0.2574749921270905
-1.1259584840052685
-0.5923362865565374
-0.5037549818225799
-0.059255738851276066
-0.17289779191043392
-1.0177378294065569
-0.5331517702816748
0.2075565733356747
-0.05876548736902933
0.3999794630988095
0.4069056433646491
-0.1727089555325004
0.3130044384927436
0.37271884460027116
0.7626766565778663
0.9647865475307104
0.8401816762227298
0.6475406153690689
0.5836125517449031
0.5826158359349894
0.46150986800288346
-0.09087236704751808
-1.5065390642388332
-0.961519242200914
0.11636215148887115
0.5879611607470969
-1.376821586193328
-0.7161284556373155
-0.37982561504496887
0.10994943478896725
0.3441644181113587
0.3641830937673224
-1.6246353485503853
-1.8238827871235095
-0.39558948490152296
-1.8452422506470207
-1.149717337657786
-1.8729852290617846
-2.4825924293373536
-1.0863239787313455
-0.8206882649036017
-0.8682212385061957
-0.15914906653076402
0.37275816111518706
0.3434493503932705
-0.03895410024488459
0.3311553226419223
0.5866505553664816
-1.1907536640998757
-0.2531528116299167
-0.2034376918630673
-0.13757999680742808
-0.5080719273762325
-2.0660010168653633
-2.5222309770099676
-1.765092795661791
-1.215712375400033
-0.7505676942429791
-0.19682102754419867
-0.43011675090038265
-2.0705797816840144
-1.1809680051942615
-0.2662189013174614
-0.13349739917269104
0.23496767680212705
0.3111663815107065
-0.0404333820728534
-0.9820005188627198
-0.7531057476169395
0.2545338218735689
0.40101587177050996
-0.022021248231894552
0.2506466515321919
-0.0959285447244212
0.2792160631036316
0.08148475116268132
0.011619496301292586
-0.037066774771987304
-0.3458331092307674
-1.6124348247228892
-2.0069427277303737
-2.5107849305763605
-2.1516929422662163
-0.9637497581103601
-0.7147594976284393
-1.6014958577616762
-1.9815187889555934
-0.9239356163185848
-1.7765215723893202
-2.3374430681476417
-1.6828873826127342
-1.8397421449522626
-1.374077936092047
-0.06257225064266919
-0.7788669910655746
-0.37081519360316334
-0.22922325891123577
-0.5384043715624386
0.30861265305961955
0.05389849305117992
0.5383999462000094
0.8058042605769765
0.7754728114737351
0.3090544595923261
-0.3841202453618604
-1.1667413998972822
-0.2656146529551968
-0.12300029868861408
0.18228665172181252
0.15612271117992996
-0.083332839291432
-0.8714068982021074
-1.4755782052616708
-1.3266483521787948
-1.2191000139415602
-1.1993786202776073
-0.8500044013675542
-1.101490864759022
-1.9788059192517304
-2.148118927600305
-1.2832397815230892
-0.7830759404816336
-0.7191041286201028
-1.697567589842363
-1.260230760185403
-1.7435841575390378
-1.3289655721639284
-1.5671049198695595
-0.7136351678825889
-1.0114952053392279
-1.5538959214116284
-1.7410228116353268
-1.8258696645081234
-0.5499023387164759
-0.09316685960943791
0.47266425623431374
0.4773578466462922
0.3233690684597216
0.4715483855103092
0.41389894045302017
0.3210587979376708
0.37063803053237193
-0.8793181986964502
-2.1730069439870254
-1.3297433827495742
-1.2695017639507369
-1.0445785911060905
-1.018992623832179
-0.7563595329413718
-0.6317369429937734
-0.6211579265402345
-0.9597346159404688
-1.0820015433595211
-1.6405797361038874
-2.1920856648942344
-2.1657227130052275
-1.845334630362224
-0.9946674024776996
-0.5741117004760145
0.0701343547229186
0.02423387702532232
0.10573067949038786
0.2980491030110829
-0.4235521189291942
0.028840396950927247
0.1300414014972011
0.6296860605157107
0.3623759974633928
0.5448522553875862
-0.03812772460346089
0.47622789053633036
0.47009550884487245
0.018933495183540844
0.3113712222582281
0.4383214821459496
0.4777778714156394
-0.28178901820991714
0.054971119464018676
0.34617814783046963
0.3688647416336762
0.3833314536348124
0.4484205899512081
0.22007217653764904
-0.21177738218434708
-0.30302977845088847
-0.6274807850166609
-0.32739706835519583
-0.2393203952428614
0.4044333106694405
0.5143362822976018
0.0016697894871071516
-0.5347489520727364
-1.5714740864629202
-0.23356760099734786
-0.2879067857016022
0.12895895398068782
0.3418617461456597
0.29495126918570086
-0.27733610496726924
-0.4614657420941514
-0.7719247795298422
-0.0554148940511037
-0.21864044976214506
-0.00019056466813229173
0.24959753153414224
0.518071634024302
0.4832650298346796
0.28958173131880455
0.3786854335046421
0.2519399021873158
0.3862175932222109
0.055305886031637386
0.2544518123724225
0.36078523070332263
0.4514515712055481
0.2037046866184754
-0.19466472004586483
0.3576989504421137
0.4993556684801887
0.3319998978692706
0.33356907476225095
0.19252993093230078
0.47516388815226573
0.03309064736304461
0.16359906496563595
0.4043656408903792
0.1646382358890372
-0.8678997952559779
-0.2334103372577945
-0.1259233171857124
-0.05338064620954781
0.10516006030742686
0.08421784752957164
0.1416295153142286
0.02248032721150735
-0.05239441605238794
-0.3450485536357306
-0.4957448769131575
-0.21780604327648626
-1.0491125886504993
-0.14255901627439513
0.594114934945961
0.6607429261666828
-0.01604372142914096
-0.6099699590380365
-1.253509697602121
-0.37887062580144887
-0.15601443841689985
0.11657161516554224
-0.019566469894220354
0.27778285465010477
-0.3333229746151687
-1.774008463370652
-1.668540371893835
-0.6078178910916029
0.08279417026001314
0.137022760871412
0.3880844445184543
0.1793043199610127
0.0025805560711921393
0.12352330211281985
0.16271630568404521
0.2076285670727584
0.18145537254924632
-0.3404252043204168
-1.016828449066255
-0.0767874325543239
-0.21497096783650227
0.1716021448259189
0.03494193977664497
-0.19682247146275422
0.011549794033403211
-0.01656541593439744
-1.8582293592671875
-1.725654174997808
-1.3074133087708029
-0.19409083295190302
0.10125532295452329
0.0414225258834787
0.3233440178018094
0.46423082076865185
0.4944969282342572
0.26527053436747383
-0.38289379775222215
-0.4670052574629
-0.17180895326728718
-0.6381451032527093
-2.0958914554088435
-1.460155597548053
-1.2240992432880162
-0.7118900199077774
-1.7234974986216371
-2.317171904252302
-1.4531577368247892
-2.2154627477944886
-1.9039946003753383
-1.027631035320027
-0.3808481083415168
0.15458713950088718
0.34005688901209635
0.47537304787277956
0.3093864236227695
0.1642855444358986
-0.5823108109843301
-0.6617942240533945
0.1037841127202405
-0.00564932658780665
-0.4257112135220007
-1.7538634313670372
-1.0914117242343988
0.015593716427335608
0.27329334106869513
0.5150222441161647
0.4429031394233609
0.37225268056553595
0.6619720537868365
0.7436942796743213
0.8519307761587591
0.8174858279313845
0.5110722072485101
0.70042140776988
0.6898295107606807
0.8115872839971437
0.33498609350179026
0.3791415394349465
0.5559788578205502
0.6053562601364979
0.5299869564091744
0.4556862250198129
0.337126642654253
0.6164358854433817
0.5372618314226699
0.3376931443187823
0.6150864777098511
0.20029147026331245
0.4227320524370166
0.42358504363813304
0.24423605445373808
0.42972734774093163
0.7147534017616112
0.6534614677820524
0.20209907874171806
-0.1399625608817297
0.06161873166490516
-0.45296507462743696
-1.9469159967120009
-2.1569175947484056
-0.9536368217781007
-1.1024652235995673
-2.3253985916356235
-2.2887772278465897
-0.9103506140719767
0.011977936060479316
-0.12514443233841357
0.24857658125367565
0.32199439790452733
0.2949680507138075
0.2571032922169841
-0.6917293170454136
-0.7411480034618737
0.010306134485957122
-0.09272168177083004
-0.2562880449803014
0.021533616092554594
-0.5240836641585601
-0.029950295886745085
0.10773158521444728
-0.6278536206666939
-1.6942726165220898
-0.958933978601648
0.2830568058350008
0.3330846478220149
0.2937605177921686
0.5760322309615177
0.7651668181147565
0.07165457930368994
-1.180388270664766
-0.21531999930450793
0.0889090526574446
-1.0952704194894183
-0.07268009263374331
0.21527866624720723
0.03451919704571977
0.4055699345447938
0.2893700357367823
0.4229433424938409
0.3531225055489848
0.41037288614516737
0.35510423198843966
0.17225086117370897
0.4476077545923104
0.18689340809348148
0.18820973296117816
0.06539798383069181
0.24380287570206557
0.17358033703466733
-1.324402005595607
-2.1237811236423116
-1.8418064621125358
-0.9412628928679082
-1.353527251392268
-0.12627819572942584
-0.25616443350257306
0.1649054506352267
0.022855388847835202
0.21309668330571038
-0.004211644372137084
0.01116987300844981
0.14611960636527996
0.1804372868685965
-0.5367455749661203
-0.08423546343216913
-0.3525428200675263
-0.9496585657347887
-1.8152872930742505
-0.7554647808809833
-0.27617738889237436
-0.2958733560208782
-0.29772576856365907
-1.60759344568061
-1.6848659011173428
-1.2561262070477381
-0.36177262939913546
-0.4127621357907835
0.03557265782207824
-0.44246064279124014
-0.4299421330504856
-0.33670925853554173
0.05215797161911746
0.19159775655584738
-0.025140724013471866
-1.2412927245644667
-0.21913042655050646
0.20291506428526923
0.06723299742699092
0.24701569533421353
-0.16831172517330645
-0.44926939485468126
-0.5561935590648382
-0.9194599306833722
-0.6159756741083697
-0.3121609407590615
-0.3355957359528926
-0.6870181804747961
0.042368580415702795
-0.06385165649870327
0.4041078246053141
0.7307054324129572
0.530483409840165
0.6517597159513768
0.5301806809378518
0.5221547396450186
0.4180569165779418
0.30869875350670334
0.15765983437100375
0.26363966185731963
-0.49438947800861105
0.257370656822575
0.12831098971327173
0.2783331549106076
0.5059687068185864
0.4438774618299065
-1.0580848693585565
-1.5673831164250769
0.14204154127403282
-1.0662543668190303
-1.2212989296723455
-0.5035057824497565
-0.9292804421030562
-0.6762393960052463
-0.13703536182677065
-0.17178268358992055
-0.2443381101660705
-0.8225129942544649
-0.9953097884541764
-1.0029120667595544
-1.7545068732419644
-2.2533380154983007
-1.4889884539575544
-0.03986649929511133
0.27391274863346554
0.002667736568238233
0.2469528425239862
0.1895038537094481
0.13810840603782262
0.10587062769548583
-0.036165081861307506
-0.817331261636557
-0.0895950714486416
0.43965413328587466
0.2818435883186547
0.10257591172994275
-0.9529395283724036
-0.3045535383193199
-0.2966699428479791
0.10289808279091221
0.26471567499663323
0.031833520377026955
0.21785578639456135
0.07023121532740759
0.03423347559185883
-0.09121536520970197
-0.7972766627173627
-0.7347459187990102
-0.8374089304228284
-0.4688125683863777
0.03382918855504269
0.4531793600415689
0.11571839971563874
0.3936215706357753
0.54420326722175
0.832274103704649
0.5162181178230653
0.6265694597266299
0.6666920844770283
-0.20035990164692966
0.4230225578868285
0.24100310184889784
0.5703056964792445
0.24922918445287323
0.031199230536154275
0.27636151242352774
-0.0058501087014687595
-0.06122273517762099
-0.22910050827258052
-0.621134321771286
-1.8099924531639136
-1.3212354717901702
-0.15431660817444356
-0.30236382718448107
0.0840328688505721
0.2355571768778626
0.4244832028482981
-0.5354512581344298
-1.7314765781118724
-0.7429085675944688
-1.4293579575293895
-1.6851920125374587
-0.44967676484108765
0.21693921741690314
0.43920329010055925
0.3493462435956723
0.18520521596690906
-0.38916467487051887
-0.032646910612211213
0.3300813280789338
0.3201364412340826
0.2959778296574037
0.3898439886026321
0.5189952086570964
0.3362782574503771
-0.05731728134372859
0.0993261138847991
-0.953794955223654
0.04170074143641104
0.3280362106923454
0.10110405920292773
-0.7589791569280403
0.22909053937386165
0.49133648375612454
0.1926736316687233
-0.44703160702706185
-1.0216114392434337
0.2167686247362092
0.40993453886785525
-0.4639422661887378
-0.6979012324977912
-0.04402825819602145
0.43372041241090464
0.46862504904540764
0.2905753681784533
-0.26014766689422486
0.014047518403109319
-0.026075168142029485
0.09740052059728264
-1.2829827524695696
-0.11696673385601535
-0.12939017618801688
0.24089662235455384
0.10530126619277781
-0.4149969912390704
-1.3002122177570754
-0.2618123122478337
0.5325648657570647
0.35598768941377423
0.29940645600236815
0.5575054759891488
0.833859471507815
-0.21589219249618405
0.16346794706141524
-0.21702898312947752
0.15795387492342364
-0.2679184348653778
0.3717247153645004
0.4529978828254844
-0.4773376111623286
0.282168394869661
0.24733118297604098
0.06549569004289249
0.2332410189101909
-0.27656452542179066
0.36271146055941944
0.5472515955499341
0.18718514714968087
-0.38981595867798347
-0.6041655515275703
-0.8574125684159166
-0.8220380924422015
-0.6488399225770294
-0.0786118784322365
0.1198881738027534
0.35890898059982707
0.39141435629459964
0.015530400675837126
-0.362409555086782
0.3923633637165031
0.24592660919711418
-0.03299526033776629
0.3422376292580941
0.059025220516632546
0.4540339526616485
0.11249326135271318
0.586969248848762
-0.2590428240534907
-0.4870242509148022
0.15260111282430308
0.05067252687761944
0.26528430983487655
-0.33003072136704253
-0.5117483332046486
-0.25392498379867695
0.18370559930663233
0.2329889030163749
0.5632638030362834
0.223195057303931
-0.15030957481329887
-0.10259066433557867
0.42378022009310484
0.8149233436762636
0.2642759105234995
0.6701282485638156
-0.7646805376536467
0.02191590653632108
-0.6855224664178615
-0.14822623888504177
0.3007815268959146
0.4195595740329673
0.037741334457285426
-0.7524486898853966
-1.5994458025396154
-0.963295365521887
0.040157637441470495
-0.0006725968456908277
0.11861434663796626
0.13546986065878674
0.00022207217600389724
-0.12948392005747056
0.01623685744247942
-0.00753800355649142
0.11488564063324644
0.2231271323513702
0.4195842942945267
0.914002851219099
0.70759951950048
0.9378550774024009
0.7889462144859413
0.054121350562315866
-0.2568421572840068
-0.00428828093798095
0.20977702976904616
-0.05495583742101028
0.13367217567179682
0.3315263409899017
0.6394656466538263
0.7596049052608749
0.668040937183699
0.8351080076650149
0.5035958748590857
0.6609432149822394
0.5950408799242083
0.4512746074424153
0.26222951933194866
0.1750973733604955
0.1579549111981286
0.3780826625942439
0.31583115471928613
-0.32011480296823663
-0.017878851914646967
0.17232446866371018
-0.30631087959537756
-0.30627777364497594
-0.432501779178317
-0.0396771546013266
-0.535304987133246
-0.2871292553915515
0.07435030065559643
0.1962069498723801
0.09277921965082339
-0.1306162412447555
-0.00881356553270132
0.20656925908127308
-0.21290423226770377
-0.8659782535401591
-1.4637323491980154
-0.7181569175297161
-0.5682012086308488
-0.4280620008517978
-0.3222830170475358
-0.34626302817994403
-0.4400010200611494
-0.6123848709450851
-0.3251080126202234
-0.05041004075999301
0.034552956618512175
0.21151193600246082
-0.024821660865309944
-0.10701867070976152
-0.010250918691860138
-0.16815258840088576
-0.24259802139127543
-0.4098062601944873
0.2830381453712947
0.3544795074588349
0.31327955976901933
0.3204487379372963
0.5211172265246359
0.09279766073087818
0.2637832831762907
0.25821186565816884
0.5252448947003883
0.5716071948566976
0.4833022084181351
0.5548314724134195
0.5572453723428559
0.32565113517463395
-0.03681793686577166
-0.2213844570516873
0.09830027940955034
-0.15804142163444088
-0.05179131660853951
0.005326913874557148
-1.110303974610521
-1.2855814706989062
-1.8483781409718318
-2.098455342745156
-1.9967766826278612
-2.339351406315366
-1.6442437029062362
-0.458350891073833
0.2351524773647457
0.19044249664981813
0.34384962523073287
0.16597706195233133
0.16869407373843168
0.35536705408422153
0.48654499339304796
0.40427883835607736
0.18574053173651414
0.17054861977960434
0.0011616456090982772
0.27077392307082304
-0.07144725354859051
0.01892862583370933
0.32985800357402784
0.2603015975861861
0.2813029475282726
-0.30251796610039106
-0.24500984307830473
-0.03158111604171158
0.3560753669877852
0.38604129755954625
0.4836222957794315
0.34909779163726273
0.3760504879248417
0.3826753688302664
0.4392765919656441
0.2881162589142872
0.07084818499200314
-0.29407589570974085
-0.23614070005769283
-0.5046637138905558
0.020717921429228073
-0.46397659420653853
-0.30219876769321297
-0.7239805961644394
-0.44474256491843556
-0.6555104904028781
-0.6253636158862095
-0.5152009117930391
-1.1907694363000974
-1.650812375920039
-1.1161388245952493
-1.354365305259661
-1.2468184784792775
-1.1655788746472302
-1.895290888012473
-2.014341300726535
-2.0631867618096047
-2.228449067730579
-1.3839293767226732
-0.8992910534099352
-0.25322822003123385
-1.4417277654025373
-0.2453541212265942
-1.1641961362539244
-1.2736642676103924
-0.9888499591631479
-1.7179513784311298
-1.1489276483034754
-0.7396439073275163
-0.13689045887887652
-0.40985294278645884
-0.7435723621522217
-0.5192473720395416
-1.1260037523235473
-1.0588643042868982
-0.6716734909539422
-0.5064327893445573
-0.8122677430562886
-0.41345986678953267
-0.19578018238817055
-0.21244342626346774
-0.22030106529059962
-0.13642282001509773
0.38975218439000164
0.5001374561313495
0.21794737630377212
0.07119191282891825
-0.03642592111024769
-0.24269101339918717
0.009744588868452754
-0.22258819929659618
-1.41036559979886
-1.516339918729821
-0.9325089398110511
-0.21797954191392896
-0.28053870723520064
-0.26654143945339626
0.32662517417956427
0.258856869012995
0.2723197222235281
0.3048127561911646
0.39243700240686036
-0.44268421382604567
-1.025105143686313
-0.12718789430683639
0.04326533686488469
-0.8533121883432625
-0.6525909920670764
-1.1001789172107825
-1.6239606928133763
-1.6147512160308175
-1.0567437401743656
-1.2175075527741748
-1.0936176866796266
-0.8333538696759024
-0.6264375227501521
-0.1868409273187823
-0.006846143567491756
-0.35840361127594494
-0.48871295087028266
-0.8909175957018572
-0.5563915248298962
-0.7402467965486457
-0.042220090884470526
-0.1375537562789418
-0.47103081376225897
0.19878585689550562
-1.0901065038181903
-0.12446499314461193
0.03170622528410541
-0.8486200488950715
-0.5896763379577854
-0.4961256126404626
-0.15812578634960595
-0.6760628009629973
-1.4457641450637004
-0.7848018707782494
-0.5702022882032994
-0.3806121121337745
-0.37711660602462793
-0.3366386543622586
-1.0947515660010443
-1.6903022338799312
-2.1160305789958778
-0.525800171207367
-0.1496193392211577
0.4182294023659272
0.44498173758535703
0.05595296879001685
-1.0065821954972594
-1.7101756091147353
-1.4886988480709984
-1.5842828216345028
-1.526484960446937
-1.4711542940599864
-1.4134502869114103
-1.2205903937232814
-1.0587808874567814
-1.2722740368200038
-1.0188227303496322
-1.281553822431984
-1.0796155153115496
-0.2573254988266275
-0.01395383487432547
-0.12432853672980317
-0.4257032298167293
-0.04341443100535232
-0.8476026578287716
-0.34561923426180574
-0.11403146530301338
-0.5681582209715107
-0.9370281233245826
-1.2181587787601158
-1.3945377259080451
-1.3802002768671868
-1.3324321893874886
-1.4548045455251977
-1.4118518045998285
-1.1138199457190903
-1.0867671953406137
-0.7995307592880484
-0.9352681580594823
-0.6662975830843617
-0.44406067300629215
-1.1860224815721512
-1.0773498383517706
-1.0495291630036208
-1.188078230426655
-1.3832173451106593
-0.8848638016840396
-0.9976713452892337
-1.1491332101007965
-1.0602940110976913
-1.219134730737619
-1.561434735026093
-1.5473940312969015
-1.3409004382461753
-1.1172919429532424
-1.2972162156931801
-1.4807897069141085
-1.378591212896978
-0.9495321137151653
-0.8277971938755886
-0.7907517859547812
-0.8701478356801867
-1.275457722585449
-0.5872403868675536
-0.4368185795686169
-0.14214530877762363
-0.20573499882721946
-0.06254737978189465
-0.19600948112977726
0.37992356562179436
-0.09356547765015745
0.33510767709086786
0.5614126236126505
0.445371750636764
0.8700655558996458
0.9573706883139118
0.7392483132008193
0.5712901574069102
0.6881276849448318
-0.2722660419532419
0.2936370752263449
-0.3322886290574531
0.4453106345034413
0.02005746673113439
0.06848684369664501
0.3440413365478988
0.6712824051328047
0.533435296661592
0.1935261092874639
-0.05093227550071182
-0.5565290021837812
-0.1232866795640165
0.48803642266122543
-0.09779286647507776
0.28652649514462397
-0.13690771680455197
0.24485828332380313
0.4618393727071581
0.6158967359704841
0.569005250912668
0.6268198725587618
0.5928483905205276
0.6428708007666327
0.37521536100281894
0.6649073437866242
0.6422334241597837
0.40247276760650674
-0.44841855513061535
-1.013295791195243
-1.3481387921641264
-0.5273345620881802
-0.8635579706806862
-0.3508419266881201
-0.021658334402385425
0.21766668743787995
0.26043890843861867
0.49702827288440665
0.27054473981375576
0.9206550637730869
0.7514022120061394
0.5116080976187101
0.9096459625354876
0.6953444826880922
0.6797320956916096
0.7644551666204176
1.085189288264114
0.828788218840786
0.3829573314594805
0.5055431842824823
-0.5671906145190656
0.02772359106701412
0.5302867615302612
0.8238247008481279
0.43779340754669926
0.37437185303937676
0.22675572887201406
0.13907560253968865
0.21702422675951602
0.4776003660754564
0.28236614480384625
0.7961359820130911
0.8944655675963348
-0.1987875166035376
0.284153772521557
-1.195612637654715
-0.45253914583063193
0.09288145553561866
0.38327184772307904
0.3323932869736588
0.6914011619549737
0.7079823095092798
0.11342805420591791
0.3596839802849356
1.0957323323746402
1.1823877403928245
0.5264947446510562
0.01745072500265367
-0.7540227239841603
-1.6002159870658972
-1.7072723531879082
-0.5520520631596584
0.2807836040950133
0.35456994498463157
-0.9827008938529375
-1.3816353640495533
-1.3698684640596963
-1.23132019508792
-1.1216695329696176
-1.27720059744011
-0.8707726883462164
-0.9590245467243182
-0.7830255248345781
-0.4973144795034886
-0.6488254850717535
-0.45952083244432324
-0.2804544327251523
-0.2141392358065039
0.08292920196206979
0.06318478527648035
0.0697428039053721
0.4111756775295597
0.009707362172201835
0.3563713217485049
0.726593515131236
0.7211318488393714
0.6963597270846847
-0.22508470656352397
-0.037907998368584495
-0.10495018258903266
-1.076408130587299
-1.4006184377941806
-1.698008553437715
-1.5545072599267984
-1.2282611721907675
-1.0067829834119129
-0.6686018960682636
-0.5133189515150635
-0.37756852083600256
0.08254045646568399
0.07199847540185679
-0.24955643805190816
0.07588941691560075
0.03572205714486239
0.1744315371640866
-0.08648134525182057
-0.4775118263308646
-0.916969915066126
-1.1068625398676775
-1.3925767682021297
-1.0039902009997363
-1.0583291010353715
-0.8294612993226661
-0.9892554180157344
-1.6463085940481592
-0.8846161231790262
-0.3148010436719074
-0.2119925987002
0.2958911627718215
-0.029847200028261515
-0.02573310120200942
-0.11620245105284126
-0.5052254211403893
-0.2827563458890884
-0.13339974767931337
0.16647631615892147
0.00289931557177042
0.04888983988358486
-0.2740864009493855
-0.6942301596891769
0.29092026049729597
0.306344909030219
0.6691229847031835
0.7530627083622474
0.7855439027127558
0.8241101776293106
1.015339155781861
0.9004873693324519
1.025528915364734
0.9797553313078017
1.0363367106798083
1.0752407546850922
1.0826484633590878
1.0181662969260568
1.0530363751875091
1.1080667610740165
1.297378750647724
1.1410370202934839
1.2558155875455794
1.2433716505256243
1.217051476017632
0.9526212227208886
1.3948575300552943
1.160391807915792
1.1502043037657539
1.261780424468041
1.1656713771972669
1.1074488006943006
1.1114886708023597
1.0886952675407502
0.8972215591310709
1.1027677010875028
0.8518046159220392
0.6593693321316748
-0.05345098823107399
-1.1893279785493895
-1.3044687995362727
-1.300547372630359
-1.1065505307640833
-0.845903550521724
-0.39399838052240266
-0.4552743218299458
-0.39852245039232886
-0.08705591335811608
-0.09811369497772417
0.20176388104947152
0.12040046544766189
-0.37323680500964995
-0.03844411777336726
-0.2278786572203299
-0.05935997847722211
0.1686188859827475
-0.3922313392120651
-0.6006214438832088
-0.23345079733193289
0.24563443794661535
0.5271622875208104
0.13524961747817138
0.3792260853412058
0.39941780330224025
0.7857574714109035
0.8145968947524547
0.9564751804973887
0.9061372987322939
0.5873016789126526
0.8174941703097803
1.022728659957795
1.0418954878577527
0.7584414400215268
0.678041523103353
0.7398718098205632
0.9359632202184354
0.8261645828960189
0.9556381425385457
1.1316271984486885
1.1856929070281412
0.9169453218259341
1.1157448294557994
1.0177108506495693
0.7168157206075791
0.9017568060849971
0.7523978886814483
-1.173267179849377
-1.164897246012652
-0.9538516108588642
-0.13501352842970782
-0.6985448192967143
0.02642745976647333
0.022491912214932692
0.04495571018744718
0.5088526531202303
0.45876660298904
0.825601112485943
1.050376237381944
1.0674053571058406
0.40172977256980125
0.5626680783244757
0.12533118030173504
-0.6792419948642306
-0.943133556380711
-1.4905379026434498
-1.4182216708389344
-1.06585792480114
-1.3658457567975562
-1.3485977825817559
-1.3012649679891672
-1.388732133348092
-1.6778749204857761
-1.7634408009615485
-1.2996555839536772
-1.2663916304197116
-0.8915935654981009
-0.362112325676526
-0.3475375766531098
-0.6011016002159357
-0.781821262383373
-0.8195455518337772
-0.31740278967311186
-0.1648506228870699
0.24061619669649048
0.45590940100932414
0.3632615038445336
0.45482735952577075
0.3417179907205427
0.31985282598272124
0.206200029743603
0.35734996816202885
-0.2439769309751613
0.25381533548259194
0.14591747243683284
0.09079931969458897
0.31547332239933484
0.4472388257838128
0.6482021091134581
0.24140586232494848
0.8320128315524341
0.5566064976162931
0.6452457585634811
0.15776776640400897
0.2525815593946777
0.13375903107712261
0.08294068890288173
-0.8283512592560273
-1.100813807733543
-0.9039507156632971
-1.460536279383187
-1.5950077735844927
-1.1214538917606685
-1.0293477807077092
-0.9381923557940762
-1.411952546825013
-0.813141823203983
-1.3136516737345694
-1.4147579862039519
-0.8202188309448337
-0.43431310740880735
-0.4756774399025672
-0.4582083886364728
-0.9285249644266484
-0.8015343738232529
-0.18456876243393158
-0.683532466719727
-1.0122701963475167
-1.376049251631301
-1.0916436291194405
-1.284073391501142
-0.9854546198572119
-1.6222111268876163
-1.2550637929076671
-1.1916640736153394
-1.2672138525769394
-0.24842082024049275
0.5669865055622602
0.3751069569946061
0.6480329256631145
0.44930172248678135
0.21126739670235883
-0.36481644261554824
-0.9957699798158045
-0.48853922940202277
0.09009297212777947
0.6009822352767887
0.4969223056689756
-1.081113197872792
-0.1770888665395243
0.13962799224929248
0.3602025543906699
0.7204291801618514
0.7015785964374045
0.8321397674482978
0.7339113589165822
0.759289014529526
0.7151638937489773
0.5106623584633665
0.5485244066984604
0.7253240567177053
0.4744982032662124
-0.3951952662238449
-0.06641306344563525
0.41333643506187945
0.4677040355973627
-0.08766586459323521
-0.36857931764173263
-1.7672643643674923
-1.2456676310568402
-1.3319704840024083
-1.5443075779673783
-0.7654408507001866
-0.40360472049088464
-0.2510961987377484
-0.7687755117358746
-0.683751705163988
-0.5362996629902634
-0.6580245615711902
-0.045483413765000195
0.4118091038301233
-0.10874571828267597
-0.06503866137467895
0.1859676054581139
0.25628466825135704
0.1684934437546102
0.10807399170801764
-0.833324897839199
-0.4318402294317129
-1.2631997342128887
-1.50403973981613
-1.7027190295389132
-0.444279204755522
-1.4673881440445704
-0.3870695202463982
0.19356344874308368
0.6200540263588404
0.30724355004769643
0.2201974270112372
0.22865819970356716
-0.292869475295654
0.1289710170380576
0.2333824697610762
-0.11195215344269607
-0.8315123364407326
-0.45321914030179794
-0.0612971704078806
-0.563791803448766
-1.6099210407306899
-0.5188487290266071
-1.013040189774566
-0.2468314605419745
0.25980818013799506
0.8745220092210362
0.5924295185191275
0.3083799942881242
-0.9313478545564982
-0.33787090604356507
0.2150261184730605
-0.03505270982092882
-1.4388621439627474
-0.24855336964220837
-0.5631537340609555
-0.6935374753910041
-0.03173061034194308
-0.2002363867793016
-1.4714180018611795
-1.2917843117203822
-1.496070376158342
-1.4428198417890696
-1.0557881438504153
-1.1811732314114645
-1.0307175081381281
-0.9298301634072588
-0.7222257612755284
-0.7809287131709891
-0.8386080151619935
-0.489539106936424
-0.9044203170871913
-0.45554672149131326
-0.46076310893557765
-0.12489342491707467
-0.24718100486364575
-0.15940974301983576
-0.5536033628988898
-0.502761614142014
-0.577025596192635
-1.2334128076927897
-0.37821850720245676
-0.4733570698993319
-0.6120223600611739
-0.3544382701451864
-0.6779177075220739
-0.5062087893966633
-0.2581095104719282
0.2810358452219282
0.4887117775670113
0.5439671050609619
0.32277723777821105
0.3518567532295425
-0.3602713167298011
-0.22417669480141736
-0.06511113296602146
-0.6812598995930973
-0.5700504266339786
-0.1564521740818713
0.08943053261314
-0.3073398066194646
-0.41015173192431753
-0.5897763440257715
-1.2671984352400705
-1.4545428385216823
-1.5512511943024945
-1.4979291620177615
-1.6515280129355856
