0.282105155015586
0.20261892144045748
-0.055999899233114214
0.07096101745470618
0.3282478263976264
0.1808444842946193
-0.15353175440844138
0.07632658337801154
-0.09481578342031852
0.2566187140933833
-0.5947654573433673
-0.7105668088383381
-0.3220471154705917
0.1700039291552597
-0.1414091903651413
0.03695615440863856
0.3316657754563693
0.36128991735918237
0.29802596611523846
0.6240927455275935
0.6389434389698304
0.6108481265445617
0.7863526076811873
0.8062231715387415
0.8290700715056243
0.7407284730250231
0.8783966306402138
0.5086298369865203
0.37618565263466747
0.24591988519574548
0.1923643523508455
0.5703716478061994
0.4234259429304519
0.5811223715047285
0.49102953136210914
0.26227299364352374
0.5988919208317719
0.40883849657756355
0.4223430305648246
0.5061338271607984
0.5542096483041224
0.870455541286777
0.6582397499278178
0.36344321593331375
0.3310601996229835
0.008821397052945101
0.4808315687355976
0.5553344536369049
0.6803450564585015
0.48775581311613303
0.3757458350628964
0.2698918654795992
-0.06837557791081106
0.3370588818497313
0.07669224354022153
0.2592053034595093
0.31233571073082134
0.09784754160464379
0.6874307335747908
0.568460677218443
0.6371853414070917
0.054326159663954626
-0.010276249977865248
-0.00016334427416558883
0.22864657352939696
-0.11672275092152795
0.029824239665389662
-0.371169501566162
-0.5626206069651831
-0.4927385009255878
0.015612186859515959
-0.5007807862867726
-0.054265405082116
-0.11212266702533874
0.4957795623147041
-0.23809722973410571
0.061221050879052524
0.5229800899437534
0.7725354055493163
0.6824301804278642
0.5975877213183989
0.7979683210766672
0.7801561104410835
0.43809025748849595
0.7410833154047158
0.9259259622064194
1.031487019941906
0.9539704184265096
0.9157947401468131
1.019720717414871
1.0616209533882173
0.9258375865463536
0.7272033565925672
0.8347290493664326
0.11980545965019782
0.3552053438545778
0.5817775588483529
0.6492572019959634
0.7516488285087486
0.6052261382303156
0.6295753055978056
0.6549485013697472
0.8384106570920996
0.5871016437668938
0.6677719459847735
0.952831541517859
1.04135863485232
0.9663707426570902
0.9969906529609985
0.8032534666461645
0.8478427862791682
0.7455563547642837
0.9977176471193706
-0.04115146997571975
-0.3572483804745821
-0.43996983095214726
-0.36943979898369994
-0.2549115189624236
-0.140929944850587
0.19165756157395375
0.34960824870569307
-0.03614143186966498
-0.29932431466104303
0.19536104296496426
0.09428500293757891
0.22138771138912738
0.44301766399899856
0.7070713530913999
0.9250437699724327
0.4958710746300703
0.9560760212377617
1.1844683062331105
1.149610147081949
1.1135928336208987
1.1373308915890952
1.3039453933733252
0.7402293699968321
0.760741736845327
1.2143841395851436
0.6854154345232394
0.8180394600886992
-0.9100403203221198
-1.2314628021214566
0.33710351754412693
0.6440294396170718
-1.1675897851337929
0.45493625356174316
0.2525364849288565
0.5224372484230235
-2.009523457413551
-2.9137864194775127
-1.5349801604123952
-1.0400850504276822
-2.070456439636358
-1.9834352631020435
-2.9308179610300193
-2.2070740513502174
-1.9904121299765298
-1.893565235279662
-2.6069280518547373
-4.227650423219056
-1.9778181840502194
-0.40162270157373003
0.04823755944473815
-0.14855486508717772
0.18630463121293878
0.6926047560713134
0.5666268845281608
0.8040505033373669
0.863299396605176
1.0351551719998542
0.8435367663585799
0.4395805725150954
1.1499316033168483
1.1358750129468127
1.0976521103874388
0.982434438864412
1.2410972109575655
0.6544428819299443
1.0636671036173122
0.698724927900839
1.1690308850470381
1.1292749675963316
0.1318040096674394
0.721224678004597
0.7696150569890733
0.8843968481050759
0.2592035623126039
0.7119762983350689
0.5194465743569492
0.6515531648792608
0.9405753121435466
0.7777321356127195
0.4922153484808619
0.6015290324216421
0.22935679194792585
0.03276609813451056
0.19345227036683313
-0.9343298868704587
0.04864194202455033
-0.27704272403389474
-0.0028508496483078127
0.1992961714176295
-0.3972352215450182
-0.5901565024227263
0.10673213017901947
-0.3531633188031281
-0.1830458835320524
-0.5345892391510111
-1.441045617360415
-3.034450838582071
-1.128210416654179
0.034856272999477994
0.21418806713417338
-0.10790025133763231
0.369599876038435
0.38750264730940387
0.4113227371520003
0.5034679573456307
0.3933575239731729
0.6900615707597729
0.8950096592024385
-0.01911643314785097
-2.172020946813272
-0.6464701155920657
0.4644610454764768
0.34455608900281365
0.8631422007780826
0.5832208579126436
0.07870328577946209
-0.017341600674340513
-0.9071489753303957
-2.039469307228404
-1.7468946482695475
-0.9979658471563625
-0.5147673415754171
-0.6177538040717293
-0.03181338546123208
-0.05453806662407959
0.07124824989101286
0.4877448264343488
0.49919540908315285
-0.6364105340070413
-1.7922787125322839
-1.9237374298443244
-1.3169744632054101
-0.9802885835111442
-0.34334851768246166
-0.6084395032212762
-0.23233959842329335
0.2791113504705971
0.6183057598551982
0.034916950381420675
0.3456878986392234
-0.8357887019970115
-0.091273674828456
0.24863731483358203
0.4647832976501246
-0.4951806400656419
0.05023182509587529
0.2810054329790688
0.42210379255461206
0.7831186477361909
0.2516051808589974
-0.07310659100714026
0.9810622552176894
1.0449194779956275
0.5156114236654908
0.3846244205245679
-0.23244154297975247
0.5495277972069035
-0.2117732821199332
0.05137808450815548
-0.0620298484868623
-0.1516507677229398
-0.4655038948376218
0.04375728970827081
-0.5455037591085451
-0.6087817825457459
-0.9278759481998836
-0.35562519804292203
-0.7753246502934608
-0.6910692331333005
-0.9104919406186806
-0.48009253979030275
-0.9629950311946031
-0.3176438859186651
-0.10504471997845763
-0.0014873180243653028
-1.3279254827279907
-0.3141391700478239
-0.5803932034396344
0.2686526437225731
0.5736636873144483
0.04429449944087768
0.29627506092537814
0.24770233411051673
0.6544631318529811
0.7511203285347999
0.7685437485985325
0.4313811889697927
0.7430012366700176
0.013392100414716085
-0.767630172052422
-1.5175697807646935
-2.358969661221332
-1.3761959508265484
-2.5738527717033906
-0.17978455949137048
-2.527193261752039
-1.6144002035827185
-0.3084015768677638
-0.4692098159190604
-0.16073610815324266
0.28472667977022037
0.2116247699707709
0.4932406840441801
0.5218191798732631
0.45338658973137846
0.2951289097409522
0.1408723263452672
0.2865079858413952
0.6311460287720746
0.7996038340293372
1.198601680535172
0.27051178220222083
-2.366556881242994
-0.4433832787080523
-0.11723923230625041
-2.836390305070104
-0.23385463125565317
0.20076256104139079
0.2645637221679288
0.1777442238952784
-0.16493647370590916
-0.3307914293848008
0.0606512488391258
0.4261352013204318
0.41956066649044643
0.3285905661560286
0.19800210991555925
0.11163199571905533
0.7720177644805345
0.8953328689154589
0.4603540515901178
0.849441939921526
0.9456653195861221
0.6088058005615191
0.655433711388474
0.502575546289482
0.41295192009524184
0.05497289275183706
0.3826144551818682
0.600948510410696
-0.7522851285700316
-0.5058553797190497
-0.04848615183958424
-0.6000138341871538
-0.2278077435721134
0.8853104036862997
0.9628090740775481
-0.34796523400144563
0.19990079872773864
0.6144435973571645
0.2794138421753364
0.8589312660838274
0.7621767539509895
0.45292668288614824
0.05994929738973112
0.8982893676781947
1.703975893957699
0.4140065897911144
0.7297962000487269
0.8279616430863361
0.889848223455765
1.0253094788221917
0.7544473517516818
1.0232176505507822
0.8792307892017917
0.2354186357563671
-0.19937613862438266
0.3032557685987495
0.6181717962595914
0.7332474845434493
0.7551280874681888
0.2035713000035614
0.7030172817266741
1.0694809460908217
0.6544410852253023
0.8174791319231879
0.8136446906844885
0.39763130306577166
0.6102021351981551
0.520631551080398
0.783559301436042
-0.2914072859238419
0.3309980745070137
0.754094099848483
0.7281109373889173
0.5293936468715278
0.04072459922604174
-0.7216060995336132
-0.19695371919785107
0.31896652233994904
0.7354343976597721
-0.16515767677085133
0.18146616953731687
0.04793576818111772
-0.2998253096849346
-1.721607455564194
-1.6213649034336344
-0.38696688262246137
-0.05493416352108027
0.44495698795124383
0.14395936578786284
-0.5597455326806423
-0.4425487201412406
-0.08206458188255586
-0.216027744775628
-1.815146238213217
-0.27824279020670406
0.1775972087361843
0.08791145836336514
-1.149366949741927
-1.240049372103573
-1.2564759233305682
-0.9950143683982281
-0.5508235070404445
-1.0605389698248562
-1.97056695066778
-2.4626437535264585
-2.4870111937761306
-2.1092863690299737
-0.7244237810920813
-0.30496959337412655
-0.09098872936453697
-0.3500094961731529
-0.4193506665135076
-1.170153930331395
-0.6948917652538122
0.030066392251858642
-0.8165455659713116
-0.705960525290395
-0.33177203117853815
-0.08677446542937545
0.5574337911031743
0.24735929012985944
-0.6544909512689432
-0.28751363167837907
0.2575760758121547
0.49029914055969814
0.48082347872457176
0.6086491801183921
0.5280152766674667
0.705167625328435
0.6689586696781575
0.36055375058184636
0.6521657549904447
0.41334438014870145
0.29640899015239264
-1.145375753011656
-2.073264478509684
-1.3558569639449032
-1.329826288069872
-1.7362108619149794
-1.1557526867663657
-0.22208746012520605
-0.8289386416395579
-0.5777475642529096
-0.5737205332861955
-0.5165775239750617
-2.3077085413719303
-1.252119945182804
-0.537383687532022
-0.17542943220727122
-0.23198608513834904
-1.3722510074505976
-1.581181380313497
-1.3068907675259078
-2.061844621077488
-2.5238360102555464
-1.5755692841642446
-2.638931778103569
-3.6324693397574737
-1.336788698282909
0.20122524139027528
0.30060617974128295
0.030527163854317085
-0.21457346224040738
0.31136969452610275
-0.21332177214470652
0.02906010960661433
0.4996990813674854
0.6682343175720987
0.5113528349407213
0.7824310175197314
0.4657710988901046
0.7265778853853412
0.5883580678095283
0.43556811118856
0.5424938376300281
0.01703561976496555
-1.630173504109203
-0.891800685911711
-0.4909295626587161
-0.13095676586620417
-0.19168299701756578
-1.3419178980232023
-0.9396461505920443
0.3779965495301608
-0.354938189515983
0.5492250646435858
0.7874899401922232
-0.38521459478986175
0.5085965617167815
0.6026816680248033
0.8985759538169689
1.052843503520482
0.8595072598417953
0.926165586980897
0.714321645278979
0.700181872595521
0.4452209207721808
-0.2075152055697361
-1.7470767340813618
-1.0751897714571381
0.21662373312295824
0.7580688307211956
-1.5305344165913544
-0.849361389752141
-0.5125352459102855
0.19050731738988946
0.3667192662692875
0.42124562043147984
-1.5601115050499612
-2.5598867825675824
-0.34871340008579255
-1.8499596051047218
-1.133131326468345
-1.9790348296274998
-3.4385140177344233
-0.8960601823183633
-0.45389490899671825
-0.9850025469515901
-0.08037340210559882
0.4571526022043795
0.45709032907394676
-0.030794802816692085
0.36934018868811536
0.3762022154661053
-1.227413333131817
-0.3694574035035979
-0.09781389672357918
-0.16809729832573259
-0.6481747296497871
-2.3630238782376627
-3.7132398302817755
-2.3714726055072988
-1.7992783584614889
-0.8975080416699802
-0.3090370830590614
-0.49994613455651216
-2.4391478997938423
-1.4565371671548502
-0.22365741832365924
-0.11645572144619701
0.1570045629729151
0.5001763537934282
-0.1906647763632753
-1.0985597816847954
-1.1175417862612984
0.21004325913226482
0.5844819515084989
0.23358565949209334
0.48516077987412953
-0.034629159671638404
0.39713429366658803
0.058708915451616384
0.21655790443207124
-0.15065982055380397
-0.425515250233405
-1.7490987768773985
-2.5264288320648776
-4.0238249567169255
-2.7860468126241655
-1.1274562619850557
-0.9697159603500477
-2.1777052384497013
-2.584501847398039
-1.1759869797965243
-2.241492433544402
-3.4123812242993963
-2.2020234384555875
-2.727725838162832
-1.975438410795071
-0.11573451321525235
-0.8579609589474356
-0.47695275813392424
-0.36066132530038797
-0.9584550043072496
0.2010916220753278
-0.06750143055682284
0.49065325207181354
0.835153241202234
0.7564239603970693
0.1390386051840503
-0.343572429332462
-1.2449256175531629
-0.32553201613919835
-0.004168648300043848
0.23107593147382788
0.17297805420251897
-0.3122150609323757
-1.1886530728127256
-2.292898198315544
-1.049671813068583
-1.2413156367462863
-1.1608908480760733
-0.9380934007579874
-1.4399842843160062
-2.8167334763805987
-4.188710672698137
-1.5558731678400337
-0.8522945707969927
-0.724186206038605
-1.9820656878908276
-1.2684856879299597
-2.3186098084678646
-2.002054290054506
-2.2422334234971655
-0.9710289988469482
-1.2281362009785854
-1.8461905114545276
-1.7588296662172296
-2.2801592872977574
-0.6631491305879772
-0.05340925341624997
0.38001360286710817
0.35603795526778476
0.3650321265303841
0.26540886548768294
0.4575307336896922
0.12623851904301614
0.31378832703259874
-0.7046020642408773
-2.916852431038545
-1.769031860973998
-0.7364254168234817
-1.2251702902684167
-0.8211746736258189
-0.8514545908772576
-0.41045455160507816
-0.9716936884581023
-0.8847298931609325
-1.1258508183417428
-2.008571934939056
-3.2533963948175297
-3.0903174736146855
-2.326130382702908
-0.8494765785972292
-0.4933958400197923
0.04136062445274377
-0.09712541710108821
0.002399936469478031
0.2167842589058422
-0.4509424513388267
0.018778221186958072
-0.10872164774202642
0.4796333307429732
0.06567837730425058
0.4873068529241581
-0.14305656559814808
0.4227037972402876
0.4322926265718974
-0.09962416927595136
0.20897063422990808
0.3251927001014696
0.44461891696968536
-0.5704303263260674
-0.15730939076224557
0.17728822510464254
0.33541789151154333
0.4011473724333017
0.5169959483650919
0.17153654442375063
-0.31902295715132845
-0.5609083552604058
-0.4962089239802244
-0.40552440701037684
-0.34232674798510165
0.3426069531894844
0.5218165212731583
-0.21214104241338713
-0.48500238658703365
-1.985734889579937
-0.0984753659164416
-0.3754657044112245
0.2882104243943012
0.19868662414600458
0.069165257153191
-0.5481716457422362
-0.6912562411179917
-0.8275733759807536
-0.19355225177350363
-0.3315675385389715
-0.14869554593987308
0.1773504450466378
0.39958325628128744
0.3665684608819836
0.23807515543078878
0.30258138216354935
0.12438304428306218
0.2330539759791604
-0.03477104937960088
0.16481057868453697
0.20939680791253867
0.36072263362717016
0.16968262888476893
-0.3145994224551122
0.199207146927682
0.3702429382860317
0.20302129649726347
0.16189526721237113
-0.010626356921549368
0.35570705797775914
-0.18856592487333487
0.00995310887225287
0.2987295701606829
0.11718139385129563
-0.7210513877321713
-0.2882713793441708
-0.22362799571649936
-0.042646511297012774
0.01678556324652203
0.11046022489615902
-0.007582928794283128
0.007389322591536782
-0.10094911277245705
-0.43268532269282556
-0.6549911580530939
-0.34344204271693335
-1.1484571714883895
-0.09321571510772556
0.5341233901567488
0.5195641062013697
-0.11779551045001227
-0.5802652204743849
-1.4285009865587999
-0.47223576137097123
-0.13022806204335471
0.051445454698518356
-0.13149293366851192
0.132426579027015
-0.38583560301351905
-2.0078734451410845
-1.8100568550032814
-0.4935695409097173
0.16105312865907934
0.025531991184666508
0.3916610233065393
0.04556696649517758
-0.15950838036895984
-0.16622595903678858
-0.033154855491650564
0.10385608761000378
0.07940499907238618
-0.4583928647420964
-1.2204859907473968
-0.18527877252047867
-0.36142101919040703
0.05740949610861938
-0.03276752771310512
-0.40500556215055294
-0.07018486348029013
-0.12142947160764969
-1.9921601317831426
-2.2958044579996844
-1.6472441945610017
-0.05286930879822585
-0.009172096135665414
-0.2299595304307058
0.28848985917174824
0.43208877845029015
0.5142047489748929
0.20238408301371333
-0.37636883020205714
-0.6111718681699945
-0.24494465036114935
-0.7940929177828491
-2.517810386842581
-1.7289227767135884
-1.3257915141472154
-1.1312677852295743
-1.8097844392178621
-3.220126534124078
-1.8845765019688738
-2.563709089936835
-2.8907191076891494
-1.2916309163608473
-0.3448900431754439
0.2801474817116647
0.2217432639325922
0.4114264785391306
0.3390330601878164
0.22928506553467165
-0.6489614319598983
-0.7476517422785206
-0.023508236900215557
0.006312610483425796
-0.4912152119716654
-1.9090021310605854
-1.30094730881466
-0.03399008954722868
0.16597914207474962
0.5799771239740138
0.5009147257491946
0.31259040043302666
0.6099696209895238
0.72616601493179
0.870835161336481
0.7930641448325128
0.3942044897172592
0.6406646434223432
0.7005870081181149
0.8796294675442804
0.11066434323809457
0.40270805857124925
0.47322134204607225
0.5824927441375043
0.46957186702608
0.37970500345779823
0.2634884739681155
0.5606467434935254
0.5208891199308211
0.2664617635462109
0.6261014468637736
0.11674252063591262
0.2976972876233125
0.29646530977450325
0.11052652183696696
0.40302848501308175
0.6865174962334182
0.6940749134266689
0.18455088092367955
-0.21777006629158527
0.032922939455401604
-0.6353992221755664
-2.1961870346394843
-3.221683249099347
-1.2498126137732708
-1.3197949754509066
-3.091860918259781
-3.780458383017224
-0.9485309953794988
0.09628430860087259
-0.20186290695644485
0.09773380363325761
0.3550631611880436
0.3064506239145919
0.2765228784109257
-0.8704472053960582
-0.7477534167825446
-0.17200760650390193
-0.06395124540556607
-0.20954787384270032
-0.06963425608422663
-0.605547093561322
-0.023237399346417414
0.12750510961682837
-0.674267817275138
-1.936280835142217
-0.9482909522680995
0.34251032708579743
0.21747738447194553
0.26062809158352535
0.48671851022927315
0.6831143940549899
0.06145139262209667
-1.2268552976601843
-0.5317269273611099
0.03266447158845795
-1.1480711154461716
-0.2832936259132506
0.12809362557469958
-0.12806897620261945
0.2520597082714659
0.16499925681673286
0.21395102877832586
0.37412958172569394
0.302466001630644
0.2571153333143854
-0.058891589848187875
0.3320927899285039
-0.054005866997470814
0.0828796795621428
-0.1510045314591739
0.14050227132528115
0.25907450116213626
-1.36992479936463
-2.515744972810973
-2.6792098682291257
-0.856496004429113
-1.5601099449571474
-0.22803922899194054
-0.319355688127793
0.2073819456490632
-0.03527397146585781
0.17702666130769298
-0.17598304071893942
0.003081530184209841
-0.00598196355658423
0.09010372622624047
-0.8766675869118629
-0.3888591074514778
-0.47978985714224653
-1.2167149761190519
-2.5866987988136128
-1.0431549666016375
-0.32302643648401375
-0.7848097336828339
-0.5184151563350278
-1.8984702643786087
-2.5577520260027784
-1.6942876130917894
-0.306497352013277
-0.4322266636096107
-0.08380345814574805
-0.5154048866027013
-0.5098504782089476
-0.278043818116688
-0.020200508094414954
0.1485123753230967
0.16555207814416073
-1.3628679462853859
-0.3764804889326864
0.2026650934888611
0.0823326238067825
0.38397604297512966
-0.2539297332779039
-0.5811666930606713
-0.767084806497388
-1.0802763928851724
-0.796998237179098
-0.5898739196421344
-0.3624414703744495
-0.6189442966346828
-0.08115394427430572
-0.18056789776542717
0.33171867059371773
0.7682755669036069
0.5630239928145485
0.8763322041455407
0.5719825141522273
0.7806796545238058
0.5799552223043986
0.09746389038517178
-0.1083710879987135
0.055587955651566934
-0.5537239905368401
0.11231273604513695
-0.03980653976500345
0.11841128176900485
0.5281466058660016
0.2787051125938156
-1.1958956681308994
-1.9514047744122929
0.08409255559602237
-1.1469863739368562
-1.3392081034890628
-0.4855355240779954
-1.0438548510398873
-0.8122610387104009
-0.16442258997671574
-0.1655239179765667
-0.31630509591802136
-0.9355802966127852
-1.246483574910585
-0.8249115621997296
-1.9421149262506845
-3.176268705000863
-1.8552892135430101
-0.14571077678336572
0.21569490665179575
-0.02037351318332606
0.27499644221322816
0.3643873059259811
0.5621563909328352
0.45240737051143864
-0.3314440510030304
-1.1979792020109385
-0.16058910136477741
0.2638857551217402
0.19729084785421397
0.11105383151260032
-0.9440788237081644
-0.33391384874184016
-0.34144426247324833
0.16701433346607028
0.5226119865412723
0.08319544668352971
0.5565560553022351
0.4023861901806023
0.39630084642056795
-0.024874637337446187
-0.8569211421369772
-0.6340011262014086
-0.8040969625105702
-0.0597695372447441
0.13017306809660378
0.5362659856292094
0.16165994646795062
0.5070214855767782
0.8029018829855875
0.9494318262345821
0.7682812446093648
0.876091830452067
1.044032917755442
-0.291476849008371
0.6418548815181516
0.5635598562914848
0.7275176098677248
0.2846818649184776
0.09330957565891748
0.4639254765066898
0.128675079078107
-0.1060985154805913
-0.3361544114502186
-0.21855889496608458
-2.635135903761038
-1.7205595112352232
-0.1703922918437282
-0.24341086110809898
0.18821627773538613
0.34821606321715876
0.571616891196689
-0.8487145840660851
-2.6918128734342264
-0.9627274360427033
-1.5861606756603415
-1.9723658105051285
-0.6340749148604848
0.19611251715988706
0.5721295131982628
0.3983516518479896
0.23522100515572944
-0.3894923602082404
0.03642540609552808
0.355853993387544
0.2993097282378857
0.3220998461483807
0.4985538667032984
0.7344636953041381
0.3925268978306514
-0.22616935054839057
0.22670454445006788
-0.8324644014413901
0.05445740808588907
0.29893973587223294
0.16747264893731287
-0.7179992284371809
0.2784173872262987
0.39974373205823155
0.2384429105214504
-0.43495325698847187
-1.0677321040060943
0.4042843773252037
0.7456967826152882
-0.1931312152978917
-0.5802466733942777
0.1310541333790321
0.6251634698366071
0.712659101767815
0.47170630136341785
-0.3652652592037372
-0.20510433698346744
-0.041585283254886835
0.0031985839671583582
-1.5869656354871486
-0.22199596309275452
-0.2934524872480493
0.25187442934070714
0.10696810579045249
-0.5816883885760546
-1.4904114770934516
-0.11747033156428113
0.4681390709503229
0.5462522723868656
0.48479185473051145
0.7071875200962149
1.1195640879408084
-0.03774224095266729
0.2642539158597257
-0.2731889713241945
0.2704465390794337
-0.3120044670637515
0.7894896561734985
0.49262011826584007
-0.5290850852119461
0.08720698933959109
0.20709587392095838
0.03884684482956621
0.3181160640161633
-0.29699650346976647
0.6800428895201845
0.9362162649122022
-0.046291560141913574
-0.5620274723398807
-0.7258123853645303
-1.1626487258371905
-0.8413358159379981
-0.7510595520862854
-0.09649369632578461
-0.047369428313657536
0.22072625874501559
0.18712477992278126
0.10106145293939661
-0.5158465326079732
0.28136922818856025
0.1418048532564438
-0.18600980443867918
0.3275312209030925
-0.058399203737363264
0.52172370007722
0.05454655452479809
0.3947080160209777
-0.4399968773988757
-0.6693517916299482
0.03518156224828886
0.06727678365890932
0.1454142749977755
-0.2765420309583818
-0.5867620433304224
-0.2526342960455582
0.2993940059036671
0.3693279443135504
0.7215344895070259
0.43594685466354754
0.17740669824681118
0.4693282664217856
0.6313920051347035
1.0164218717649887
0.6949707537267565
0.6518777344115262
-0.8115832427716451
0.02440759950978269
-0.6213046121594045
-0.06589924700139271
0.2981517014415117
0.45891387270687023
-0.13555228033531844
-0.8950651039015961
-1.815389873043556
-0.8779382078858883
-0.009531849816884902
-0.18463601976332109
0.1004810752781346
0.2719199611183254
-0.2136886096669953
-0.2890494606805224
-0.047307332378612926
0.15565173354531403
-0.0705511804498686
0.4636912855516855
0.279971855785045
0.924637030909189
0.9419339846919262
0.914425295907836
0.9380562135542234
-0.2019375258290568
-0.40794434343532093
-0.3410738768497361
-0.013251357106622758
-0.32727289587752706
0.3038003429757432
0.5404820866490435
0.8521487507960187
0.9511912998213107
0.9080734670059444
0.9316479682647278
0.39497096925010766
0.8202878009654274
0.7907391491838315
0.6430853926883512
0.44689375851177215
0.4593567094484733
0.20874680087110695
0.31137966503576164
0.5493539481712826
-0.3632786894130068
-0.14934723438785777
0.09740518328665282
-0.4609276905632339
-0.39858429038153476
-0.5123415592723559
-0.21856583118385128
-0.8139513191715477
-0.272724914332496
-0.023698501347936635
0.2000122895559489
0.17037592048123326
-0.22615772533442965
-0.17866121010396277
0.03585101514840773
-0.40955019426720585
-1.2204864328816616
-1.6329691743165742
-1.037406970977237
-0.7362027542703019
-0.3667980915293221
-0.2695628481758857
-0.4377345361362329
-0.6423249174104707
-0.7282464946148847
-0.42295728085205064
-0.15327145134018302
-0.011917455073958222
0.3106786051809352
-0.15278189598352002
-0.1202329859563897
-0.04903139341928045
-0.41027341877444323
-0.3346225933348117
-0.6654821011004809
0.372007169036486
0.5388189055870118
0.4996829683482823
0.503152766518657
0.5973631953892753
0.1824651608030921
0.5318693038035899
0.4321202887034471
0.5848615506122256
0.6795569107203864
0.4452084704551025
0.4262067629581149
0.46085198725707266
0.30527160832734845
-0.2737284427360481
-0.32503112880027585
-0.0049451687050729165
-0.3423692578573876
-0.1480311427478012
-0.033675661548866004
-1.4056512720533798
-1.7740347172896507
-2.3249113663555057
-2.8241603450516792
-2.73507333806703
-3.440654166675666
-2.0995604623389506
-0.6188317142952133
0.12459555864734778
0.21673549130664987
0.42195981428921414
0.2588468611580232
0.39886903256894257
0.568347159031218
0.6391076577125258
0.48112418779257493
0.2587492591735374
0.24477356120714974
0.03286117639702393
0.39155289468035437
-0.0940213887992277
-0.08941131409928207
0.3815755172785029
0.2907355916270721
0.08411412298495219
-0.5057137851244263
-0.21788031198511856
-0.09688185044216532
0.3997807106611784
0.43094125317399024
0.49223679366870643
0.5907888292973821
0.4580677198036869
0.3913988457511628
0.5686835521230471
0.4375541113660839
0.0487648088447484
-0.03753757370105429
0.24624319420977597
-0.37560300964971305
0.03376971802725187
-0.38221089170527567
0.011856917687380009
-0.6232766201980869
-0.2174686351142033
-0.40418651984424114
-0.6095520329644866
-0.43596689375759545
-1.2843017949725273
-1.651147019213966
-1.4186185151778568
-1.7284624840693033
-1.452955770560258
-1.5143277930197814
-2.5331530952871044
-2.8325668571683362
-2.9350123511811472
-3.514863261071479
-1.6217007432861275
-0.5490107115193252
0.1533694442178521
-1.3564697223922362
-0.33860907297420706
-1.361873412925911
-1.628951482609479
-0.609154297559806
-2.018556658614989
-1.3016493350758813
-0.3989787061479898
0.09010653882795419
-0.11059943298650413
-0.4704791559899276
-0.22292788254066823
-1.0963037154350908
-1.0431770895477406
-0.7687726676333766
-0.5863931007901934
-0.7169400414344552
-0.33384635191388445
0.04660881332086585
0.05610008119724641
-0.06501022392051528
0.2345830777627686
0.4598491366503842
0.5521302300928557
0.22478195138730836
0.12849250588995345
-0.04941387452471083
-0.10300905335752361
0.16207025865213648
0.04341146870462452
-1.6386662004153298
-1.926938995470427
-1.018167102933402
-0.11477209989717971
-0.38691762826176135
-0.31076841027971913
0.35750721239272654
0.3446945371913801
0.39185874044487823
0.4438314315409905
0.45245598560565603
-0.5660868876864992
-1.3884077875300573
-0.25689372860636683
0.2713430290196933
-0.8114549017870084
-0.8675272640216368
-1.1865780098011456
-1.9407626865530963
-1.978076854715021
-1.23221745462645
-1.2590190317516299
-1.0863967064946567
-0.8252730151883249
-0.4367376084473057
-0.0751724089766633
0.3189908709565604
-0.31011969511582427
-0.384939143367221
-1.0616642453623075
-0.6000474054887414
-0.9896599530568176
0.10688014722808678
-0.028007462804929523
-0.4738065695155579
0.17953854768106126
-1.0598083141876613
-0.0842572441884806
0.4239850857749745
-0.701771481414632
-0.8147169055024872
-0.49463331339724526
-0.13426169413177622
-0.47389410634805473
-1.4216555497655652
-0.8676422083606974
-0.38186278289143505
-0.4533291697130476
-0.5053503632653714
-0.20310608302028485
-1.5532235068381615
-2.0254894044601555
-2.7179959437525456
-0.6876007319565868
-0.09245329399205898
0.32998589117065336
0.6645079448467152
0.07763734107526973
-1.1059681444188356
-2.1844422605203686
-2.5916556146753
-3.568581743280007
-1.8427172193737231
-1.4139085308600292
-1.1941348099394344
-1.4443459356364423
-1.0409857646894503
-1.5926867961909423
-1.1353839024224712
-1.7246494514575728
-1.487757512165249
-0.21111091168424093
0.1939221869310048
0.003843446462250197
-0.24323845814878012
0.17599994517306533
-0.7768901216013387
-0.22482850294004794
-0.1770879709722292
-0.662434869252309
-1.0885688061170324
-1.555888801224922
-2.6364614420988324
-2.376356310450071
-2.405601349904351
-2.3954574405184
-1.89798596774443
-1.146829000455578
-0.892120255479241
-0.6033087663212461
-0.923273826068734
-0.5732775146021809
-0.05473027179642609
0.1242819298574275
-0.8350999553974745
-1.060790811519202
-1.4961524447910828
-1.7834661593224923
-0.6845321881632819
-0.907137917249118
-1.4289288836467062
-1.1432318232303074
-1.6069912096068484
-2.1086872418456655
-1.995596969693869
-1.4798580093296514
-1.0355209835054076
-1.3973664734669267
-2.2011093938589292
-2.0052240857765433
-0.8654219745741434
-0.6518291965712897
-0.645529296032633
-0.8532988345097701
-1.8221475399606073
-0.45339329616121493
-0.2908647035415082
-0.1250626500355234
0.000592028099511005
-0.09724393359274058
0.20661863853723425
0.6563276805063872
0.010254018213915556
0.5572403012693236
0.7753494630466419
0.6554832336531177
1.175417562010481
1.3539348103119166
1.21525921254577
0.8529179088889797
0.8960941941898318
-0.28537101721899916
0.3777900898814547
-0.34049490613682487
0.49216474101119756
-0.09216805022404609
0.20188461135381608
0.38057199911701467
0.9231076860921005
0.6295696703024805
0.21590137218935987
0.026223992618577913
-0.7090170857984743
-0.11206400011187695
0.6144472776515214
0.01658171116956178
0.41225332325403197
-0.020494289892447337
0.3811075564070411
0.7364935357414063
0.8096051107757871
0.6429081810895011
0.7650466241769954
0.7257492216997631
0.7966228359315132
0.44761542432768553
0.8128754635895943
0.8052152661882438
0.6357230917502391
-0.6588432517120967
-1.2178824298412325
-1.7977760756807155
-0.6150777314698374
-0.7308573632501213
-0.5227087582439904
0.33275560527127657
0.3929821741335682
0.3796611624512791
0.6396312539931416
0.4586900702150377
1.1902219231809144
0.9157319004791302
0.5099460137227498
1.115316023922479
0.7059273227220245
0.74781842722686
0.9658576660444712
1.202748284637057
0.9108452751927094
0.45789494966400535
0.751229447522052
-0.43254432657598896
0.21122159527428985
0.6041473762725695
0.7267739656528568
0.4861876246658966
0.3813355316589432
0.23075993264865963
0.2724602492378232
0.379387092301692
0.6046978615933633
0.2922253039325051
0.9351304106899292
0.9169711059923411
-0.24226972927449517
0.4593644815259602
-1.1900174089541318
-0.2773914766113964
0.5409056833396307
0.6217961692017899
0.6205542481981622
1.0915973599523745
0.8324449690465915
0.146385586818751
0.5332500286938893
1.0855668446155524
1.1040841617603165
0.6203750035208406
-0.19183123549954026
-0.7792849798677485
-1.9862637695222014
-2.3435825541944006
-0.5066231167053329
0.6581161810262551
0.5818334267567262
-0.9071553352617675
-2.402199623258924
-2.4267471958429017
-1.4387923285763153
-1.173090107612828
-0.9340552286750107
-0.7717085789116475
-0.8184952224302856
-0.6209161641666036
-0.15002628262780907
-0.17504682770272914
-0.05791547447248421
0.1596520668378926
0.1630108829456424
0.5039220402690452
0.19300802541221287
0.46860458612852407
0.7681337309129393
0.584479490239563
0.677685366748525
0.9861033054479497
1.0674102214617218
0.963128151575056
-0.2740097869196977
-0.13017826762356063
-0.035079933822737885
-1.5605635899024148
-2.1977638155228822
-3.2399911821860257
-4.310614383733723
-1.6079855595481056
-0.4663538297333889
0.15931169277137516
0.19332565092979206
0.463348589429857
0.6440019893161252
0.5459928060592976
0.43303713123406407
0.3221017522750993
0.5651443649969742
0.616742857722022
-0.024241131035510455
-0.47387474041673483
-1.4163929142706029
-1.8451970852304176
-2.463503832972121
-2.222119168191345
-1.6465353889367387
-1.293743187374072
-1.2687682774848972
-2.217180426252214
-1.3559890826498562
-0.5080489475474363
-0.18330419572632542
0.5653832118796208
0.1518861441178579
-0.16647747850813263
-0.03002782649182545
-0.47675621972700755
-0.4232485563623314
-0.21275314740805104
0.18306644955886628
0.21379269958163605
0.14511905002421824
-0.2400158652534151
-0.9584190333792942
0.35991027493884575
0.5521070736994179
0.9472260043899026
1.0728258024878599
1.209914026798659
1.1735606382516786
1.3130645892280095
1.1090305909258704
1.4689986765282974
1.2777973045775572
1.3078128241304388
1.4262802745657186
1.4473095894534433
1.3231454602038457
1.3655224478669876
1.5175062706971816
1.731354931773893
1.5517752873609127
1.8310016115129928
1.864742543503266
1.7207220924597764
1.2047151500352686
1.716950926581104
1.4744880309225634
1.369680301490666
1.4755421565255789
1.321809196483795
1.4291984030972702
1.5082651416512558
1.635571229163521
1.5218213898676314
1.9454762055159722
1.5261763160463073
1.003328325732851
-0.19946617179270978
-2.1384597155190654
-2.73344154544196
-2.4134012636426676
-3.293395793748473
-0.26605992331242345
0.5969473728400554
0.3205114624507957
0.09936970566593695
0.48047064419115626
0.5228211937533631
0.5802852075347557
0.6532049993987372
0.0017878599228456638
0.1383502211917616
-0.1432227650392908
0.12091561727629231
0.5446017538156848
-0.3690263347066952
-0.7241954432365253
0.02864042677344414
0.607538781739422
0.8230998212012033
0.3338676124936547
0.48417112471203627
0.4440312673358199
1.0011847188282783
0.9526276588657977
1.2648525345664556
1.2046231698420338
0.4855973110658699
1.0112067409057133
1.4972243723820793
1.316701203070721
0.8898778952797132
0.7730708018952374
0.8423389081814021
1.1068205010328505
0.9081329904573655
1.009001937524231
1.344870616972538
1.1540838487456748
1.1631427063698216
1.336975287394684
1.2648090989985492
0.6369570394118699
0.8060636741557021
0.9839361075736749
-1.4943563996773375
-1.558248909264533
-1.232199674855356
-0.35276711654183945
-0.9514895020795581
0.017958802336489027
0.2790941868053173
0.1303703366753233
0.8951260677932412
0.7269545014461848
1.1593124121572942
1.4046353220987275
1.3678372460314658
0.7167289472845725
0.5832547200248923
0.4394203464137275
-0.8925736845166407
-1.692725399257075
-2.6243058112545117
-2.339903267602958
-0.4148375916936299
-2.2374537251691073
-2.3816482151617184
-1.045017640335305
-0.8828455877263742
-1.9759381304835928
-3.591542616533552
-2.148454179700833
-1.4313692049946867
-0.9327630104360923
-0.2564177817815184
-0.01031956813249918
-0.4029662567776101
-0.7818251604225501
-0.9766303338331587
-0.07830964630295775
0.35918906317169874
0.6306938072337889
0.9024859954356881
0.8770505629312447
0.9554853883449096
0.8125008737027073
0.9383074041348387
0.21911821133336687
0.49019194722281123
-0.3579943339145947
0.38059891011390623
0.43194023527353487
0.27399802209491797
0.5128159466821013
0.8232875726164703
0.954196224122703
0.40709901166169093
1.10136419487831
0.6470755560932981
0.6548565112047791
0.1414385455783477
0.2389039697063511
0.13539867400587693
0.047974193099327794
-0.1082348000523555
-1.4728010379876217
-1.0398621703524387
-1.8982181241706886
-2.546082394974959
-1.3755361328502622
-0.9152098500768296
-0.9207350783183236
-2.7351843869016217
-0.9715509728874815
-1.5066541420268573
-2.6165326014960293
-0.7653070592727464
-0.5315285848627681
-0.6766871064141751
-0.657925743624932
-1.4795762717573366
-1.2182803842085417
-0.16890521333645206
-1.1576957672490529
-1.592257957580456
-2.5250135635951203
-1.8314263040129548
-2.083547385012491
-0.9694833850657253
-3.0682316035550095
-1.2892018571033803
-2.1055764389385123
-2.017891026010139
-0.23001238374856484
0.819830708841585
0.8232299729746592
1.0698259987628715
0.7946073905323486
0.6982467269155863
-0.44505674470357204
-1.2850067588621468
-0.7662167492723947
0.3707065335289632
0.8559226004628834
0.6261019324818586
-1.3595877125049818
-0.5697416713127345
0.3971077361327473
0.5385252346711522
0.9401414550005831
0.862869094654419
0.9894766688224358
1.0180230076756658
0.7957408243396777
1.0567607655353632
0.8405610928700786
0.8530508972181906
0.874497490379898
0.6711532362787208
-0.7126477101413965
-0.13715344072742294
0.5914943319098126
0.907597174121918
0.3312619660352555
-0.6485334508551294
-3.246730224351179
-1.298620881544703
-0.4118621344967711
-0.8610937182954449
0.3566597907942277
0.43397548104774597
0.3882883505731055
-0.2704450612964455
-0.3837396725562502
-0.3149106798607477
-0.7605406561136814
0.053846121121073606
0.7613532740891723
0.41105518701468147
0.24380184521426304
0.6647221300233083
0.7626702438155885
0.6352231945486786
0.2327655281119414
-0.8932212647442036
-0.4480168581637476
-1.5348327524018435
-2.254806642438016
-2.685071295463765
-0.6488132460720287
-2.107685885164593
-0.2725508813008669
0.269019281612656
0.6832182061298241
0.6057023041889273
0.45494485396176376
0.4789968991977859
-0.2633566434125796
0.4439500577025003
0.6085455566526655
0.16689111285678318
-1.1471440542619769
-0.6624468518316612
0.1117255812336232
-0.33933335272231746
-2.46570313191906
-0.7268116122251671
-1.435199297241965
-0.46934135536126986
0.41956152928926715
1.1308001413633557
0.8483350561526148
0.6719452407464591
-0.9744356505515709
-0.5306203961884132
0.5733028019174928
0.1456622123262389
-2.0107906035453924
-0.2481442595309176
-0.30312060318908485
-1.064088878415175
0.3565438151741397
0.12340141620317316
-2.0094244661015708
-1.898090297439482
-3.1563583430519255
-2.2604475862947546
-0.6938039155220209
-1.2565172492399328
-0.9862143260453523
-0.8246692174235044
-0.5974619339783763
-0.4478566299892307
-0.45565699452662234
-0.1633948883770723
-0.7457494722028535
0.22363121431108438
-0.04875433308365765
0.30931627462978123
0.3614312355226148
0.20175795381372577
-0.4706167175983026
-0.13049785813858958
-0.5335960670794561
-1.4905606712053354
-0.38647309204123836
-0.6290972621012132
-0.7317774176274786
-0.22905448795072078
-0.9434681901156082
-0.6809969797092347
-0.12050688982735763
0.526089212121803
0.7013752813532559
0.7618909832192072
0.5260679773097582
0.680345488258207
0.054039982260546654
-0.2429400134625965
-0.2228995244052174
-0.5867623639814633
-0.5107514994723693
0.011314892366872581
0.20666324755731708
-0.00959938251983744
-0.5589100509070976
-0.6348938138087318
-2.0674198203498246
-3.3771451233073595
-3.308468226249321
-3.307268406443068
-2.8478793326343728
