0.2786798075282363
0.19698672937128386
-0.059865141052892035
0.06613584008946491
0.3251709047918102
0.17555177749914794
-0.16114420047054653
0.07335840804499089
-0.10159773809320147
0.2502046553032731
-0.6000480387758518
-0.7153041274245103
-0.32677223493578145
0.16733962878011135
-0.13931429536679665
0.04146076028950539
0.33375368446606957
0.36042197095935
0.3007505622752129
0.6284124229039485
0.6432718036805404
0.6132595122632201
0.7879210332165653
0.8070080507895606
0.8261157135386276
0.7349319662465458
0.8704265244704826
0.4987876929472044
0.36785808786038454
0.23558292342375106
0.18323946286696724
0.567434326357374
0.42197172283864137
0.5814101386195178
0.4894306544605401
0.25826428669467094
0.5978116511337943
0.4096811241125221
0.4233281886296063
0.5074145757726196
0.5569972960418526
0.8681010712394319
0.6595664740809061
0.3628885606936008
0.3285191057183723
0.003892749727945677
0.48083399848269337
0.5557045551457044
0.6816851665610801
0.4831529561713833
0.36997635489974634
0.26120961961790545
-0.0785228824477742
0.32949087565793167
0.07339396557316663
0.256890498181985
0.3145526046540118
0.09725050963403467
0.6890457067218375
0.5638800182179045
0.638833966316276
0.05444142614903638
-0.01244946998908894
-0.0040066338029550175
0.22570939615195498
-0.12062871716431933
0.025846295366748845
-0.37683740042591796
-0.5626275875745513
-0.4953993281173208
0.017454588682490474
-0.5064541566670518
-0.05500010442039718
-0.1149579217969702
0.49962181113384785
-0.23223879371915915
0.06597162923081873
0.5301035275471288
0.779784166879132
0.69331517204756
0.6021670525512185
0.8034876410418019
0.7867757540158627
0.4478449770562989
0.748422978286572
0.9314799265071796
1.0374534426655981
0.9597621702330343
0.9227390765674309
1.024614716001953
1.068146824997632
0.9328495248731611
0.7298778255526416
0.8370200011208396
0.12416028036428037
0.3632807991130126
0.5847564928084666
0.6521597745690513
0.7581757449262616
0.6080937954287962
0.6269048027672414
0.6568139048274694
0.8423871506471512
0.590400815990348
0.6735896415754524
0.9629568119435299
1.0506888738549067
0.9760490191558499
1.0038471288966335
0.8079925929769392
0.8565210891497349
0.74925301841959
1.0030117377673458
-0.034491210180680604
-0.3485390143310968
-0.43471318361829436
-0.3641490505516003
-0.2569964066002317
-0.13654599794996078
0.1939137951764959
0.3446280423916972
-0.040606920317182604
-0.3046295944258074
0.19036206762122038
0.08843979775419428
0.21703724076199268
0.4368393837695388
0.7053602131451271
0.9280205261972834
0.49477274930738835
0.9557909629043236
1.1864836325871693
1.155740261551749
1.1212762482511147
1.1473485655598468
1.3119655078926515
0.7475893031960007
0.7726337168095061
1.2211677441298394
0.6909574779106266
0.8223375828285121
-0.9093526574106324
-1.233265347694163
0.3390142442206254
0.655993335273353
-1.1617358472168624
0.4630854395724334
0.2557169018510065
0.5249753313351663
-2.009064406662063
-2.9001710607649724
-1.5263319815585994
-1.0498444989422309
-2.0850123527714235
-1.9957739844916087
-2.9436569470646776
-2.204457585135942
-1.990948582984551
-1.894649349532983
-2.59660984064581
-4.224841165224207
-1.9706150311014394
-0.3976552716683953
0.046761357847709045
-0.14794061719191323
0.18693979398598204
0.6925303151621381
0.5631436763012887
0.8016260886631698
0.8617955071682949
1.0362118934498528
0.8502642920772544
0.438986825953243
1.1471661012480996
1.1392231694847486
1.108197603053849
0.9861284911627686
1.2427390744608982
0.654150284127125
1.0629090399988286
0.6968904157561183
1.1677867523204726
1.1239477847590915
0.13349008242611407
0.7153677373001501
0.7644258050409438
0.8834414115888087
0.2583284519576966
0.710763436817461
0.5147303020685082
0.6485506805425906
0.9365210081320182
0.7764934149773342
0.4885641923256864
0.5980813055288211
0.225000708905419
0.03730825328848403
0.19520698424313493
-0.935104755746709
0.042653407464141396
-0.27793069588337915
-0.005006119375332019
0.19626516245969952
-0.39796956379631665
-0.5981987267377524
0.10410298851191521
-0.3601064263361764
-0.19318893039782856
-0.5414073110856406
-1.453665049312221
-3.042856046725525
-1.1251547437485014
0.04705147820346903
0.2255666711783041
-0.0926495938465696
0.3842803113173039
0.3923839342845258
0.41822271064597993
0.5079612679002723
0.39473493836591234
0.6964028933851258
0.8999198521467134
-0.011218118849343428
-2.1645602331253864
-0.6362488101845926
0.4687191872298093
0.3513008426856865
0.8715820441253367
0.5982927680856571
0.08590813280015572
-0.01197135396211449
-0.9088136052837051
-2.043993777335923
-1.7321815213489853
-0.9905961510869702
-0.5115220708465386
-0.6078194926923148
-0.02333747680283449
-0.049533233965897844
0.07660523531157476
0.4942838021089794
0.4980453538702734
-0.6296797726857585
-1.7816940565528874
-1.905098825265277
-1.3143542384395746
-0.9762091147598809
-0.3375514351034292
-0.6026825854245573
-0.220482194472247
0.28864566961942806
0.6282411680541519
0.04256449033857668
0.3510024573959477
-0.8295005954652703
-0.08573815370580004
0.2545145793392882
0.47493282885032284
-0.4873373945437731
0.05939370979989081
0.28759720350332885
0.43379934988322233
0.798854191142022
0.2646434469471105
-0.062117668509015095
0.9881269014420287
1.04925728119877
0.5224954330692673
0.39211740085902624
-0.22425474663729747
0.5536073641244503
-0.2082425790715974
0.05733883063584155
-0.05771885899749421
-0.1456417941753783
-0.45873900661487177
0.05258785848454467
-0.5392699973871423
-0.6041076841595687
-0.9227004907570476
-0.3500035254324675
-0.7681424303660717
-0.6826379321858693
-0.902390302366484
-0.46815515440474076
-0.9496072569382964
-0.3131157747209725
-0.09853661904453578
0.00922867703328678
-1.3270674977304722
-0.3114411627854329
-0.5748827714913752
0.2775080010770643
0.5765450604297107
0.051090366423796815
0.3010173297563967
0.24953968251126477
0.6575465845097669
0.7539725926389657
0.769896979376715
0.4398260676684691
0.7519702344848261
0.01705705465053209
-0.7574810049403975
-1.5194939278045692
-2.3693182961755626
-1.3837561661055502
-2.588004693200182
-0.1771189006854839
-2.521236815466107
-1.616522748409062
-0.3100515488496488
-0.4648249317458172
-0.15876356678912515
0.2851302158989005
0.21033440969814082
0.48600479133611907
0.5175650221098832
0.44758961427079336
0.2862615187877626
0.13871693575314525
0.28342222811500406
0.6270179297649808
0.7992893197899252
1.2035629162475099
0.27054998584091994
-2.3517395600390922
-0.43141945896850875
-0.10151110975656139
-2.8358229041692438
-0.23870040918282673
0.19620017317466246
0.2651960668469545
0.16546066454120306
-0.1850978024256231
-0.34819352888906174
0.04597380320011819
0.41179123049804
0.4083033416930797
0.32160551027597895
0.1904581327720587
0.10624301793161572
0.7686741090747875
0.8914055177913126
0.45732530248740855
0.852764720171016
0.9418547886001803
0.6184079729686861
0.6550759299882434
0.5045378853463908
0.41743183836633313
0.06060534244213736
0.38494586850725065
0.6014282839246039
-0.7416396994394068
-0.5024551450138247
-0.04379922842591863
-0.5965451908782036
-0.22738411502500697
0.8891949058968206
0.9715596237530052
-0.3431115728927089
0.19580346062652246
0.6104227935807612
0.27814733322187724
0.861153888378263
0.7629468808087535
0.4487406067135994
0.054623329133942994
0.89824757017007
1.7123697232347446
0.4199784450793862
0.7350084481254159
0.8329060618157673
0.8919771767676098
1.0280301352165677
0.7563632976541386
1.0276941971135756
0.8800826651821215
0.22906128811372936
-0.20331446532314243
0.29948268211440976
0.6154217179813594
0.7332569209429782
0.7546830718325434
0.20226948643766243
0.699607760953776
1.072957767277086
0.6580609704714342
0.8185776226845417
0.8089323082919091
0.39701178248962177
0.6124663470864148
0.5212164701553931
0.7845633145157185
-0.2976673685178076
0.32498874608860967
0.7463800187162131
0.725342654910762
0.5308785764370604
0.03848256332798347
-0.7229538139712092
-0.20601378485321628
0.3169167835893012
0.7422757548954791
-0.17160787616141351
0.1732986159818867
0.03459743284570553
-0.31229723022651523
-1.7253232772823186
-1.6245003268368088
-0.3869653264132762
-0.0514310655368882
0.45561418546949317
0.1501885466542145
-0.5636843494601973
-0.4571164090821255
-0.08450217803499721
-0.2123628710528239
-1.8200419065042641
-0.2840735616339065
0.18211973489684835
0.0907771367414959
-1.1440961271955477
-1.2402608129066188
-1.2524866165880175
-0.9968344341100986
-0.5515863658095841
-1.0593754976043133
-1.9805126384727456
-2.470887311684223
-2.4953567681450024
-2.1168560289653007
-0.7248881723736484
-0.3026768218900512
-0.09192015582455407
-0.3602445511974378
-0.4307447306909403
-1.1778399427607589
-0.7000598129814352
0.03255915467175957
-0.8143660397652992
-0.7008968795744764
-0.32661818598142045
-0.07971610476002444
0.5656224070451319
0.25336044075467234
-0.6500429126731265
-0.2899289011813073
0.26199671710927674
0.4963341312409618
0.4863894972539371
0.6171371716065467
0.5395800755579593
0.7205169947758131
0.6809275624991791
0.374554809837528
0.6563303051791113
0.42175323939727904
0.30162277133213083
-1.132961819885469
-2.0694277708765925
-1.354831210696985
-1.3271058213609632
-1.731780337702469
-1.1484830380075215
-0.2201424243698998
-0.8242988543559882
-0.5768818117482469
-0.5743223189290163
-0.5155582809962698
-2.3142009247991284
-1.2539885178831358
-0.541539218256506
-0.1795394126637367
-0.23781974141444542
-1.3812365137077574
-1.5998332620368743
-1.3202546407041895
-2.0685886563128335
-2.5391116664158124
-1.5874176797562403
-2.649650467453429
-3.6439674650237164
-1.3512838511906102
0.1956644997069111
0.2964514944429367
0.02852829198802001
-0.21507850450038143
0.3076294338211777
-0.21491865053788303
0.031620637012302
0.49910244556015904
0.6777296357328125
0.5164908907753176
0.7844740778002254
0.46599088750285966
0.7276447263184181
0.5897477480276451
0.4306126014354108
0.5322336009024724
0.009533842074477439
-1.6340974197628158
-0.8961080463880869
-0.4926048806949762
-0.12980267649620256
-0.19124520682800158
-1.342514531178871
-0.9418550494379471
0.3848391296429674
-0.3450751718308719
0.5604999049172062
0.8061632022852656
-0.37191589220716004
0.5126434587812501
0.607676757884476
0.9075515983107714
1.065068963146442
0.861112275286189
0.9352997697229752
0.7178951809608928
0.704103408771673
0.44608082185205566
-0.20448911941741202
-1.7473695908288076
-1.0742551048892817
0.21188692857639818
0.7605372542122161
-1.5263474080986115
-0.8459474705510484
-0.5131578580538801
0.19619307219351884
0.3636317717796199
0.41879340838588275
-1.5677002798681934
-2.570674638820612
-0.35592775161629275
-1.8602454894140457
-1.1459324414099823
-1.991728689028372
-3.4540612405959696
-0.8992639951560831
-0.45931363306778883
-0.993290523785321
-0.0868447681015061
0.4506885765651688
0.45534667310367816
-0.0294446562873574
0.37046381139406226
0.3650087243050896
-1.2344547426232348
-0.3748504804232057
-0.10709773824208216
-0.17846864849174834
-0.6595478551606208
-2.372418793942092
-3.731039025004153
-2.3933534581200715
-1.8257788292474149
-0.9189570618237447
-0.3220474234616084
-0.5144777884019296
-2.4545881139376986
-1.4714430470774817
-0.22845836303025938
-0.12405362884961871
0.14967143798618954
0.5046500953348652
-0.1958238850595743
-1.1128383512134108
-1.1322323456321441
0.20317667515551804
0.5832691307622725
0.2322975706752567
0.4749454253643215
-0.04157369949013587
0.3961357453446144
0.04659471069588006
0.21109616452137372
-0.16492477493894012
-0.4281052028651682
-1.7615525949500488
-2.533468680567943
-4.043670698081369
-2.8086371156984553
-1.136824901047976
-0.977567288596778
-2.1865899228126757
-2.5971166137733253
-1.1788879559807168
-2.233022859627179
-3.418056190874631
-2.2029307047746007
-2.7160860345434097
-1.9761168255706283
-0.11855046643002248
-0.8578970361744646
-0.4821520353334573
-0.3675034888002676
-0.9642207700619595
0.19101253838340387
-0.07419745181442772
0.484295359759087
0.833354256472992
0.755768930180789
0.12762729695355882
-0.36065234193641893
-1.2593499780935604
-0.33992530199588444
-0.01194230720322828
0.22235616772629097
0.16651756640964882
-0.3188908728879867
-1.1949719911598649
-2.2779199690647536
-1.048137070907132
-1.255829700384983
-1.1730157293173584
-0.9536182330589688
-1.4470577051989353
-2.8157007333104884
-4.190797367924795
-1.5663595153566718
-0.8622270682384848
-0.7292958872706304
-1.988674518806713
-1.281031029053383
-2.3304854037396567
-2.0194518362142935
-2.255732215793057
-0.9838041764974971
-1.2407403749619343
-1.857002430877525
-1.7645546398480636
-2.2901544364223576
-0.666346655528609
-0.04921030024689807
0.3848609669965527
0.3547989376445679
0.3668690492523061
0.26302150780864714
0.45677880117800185
0.12415057960612905
0.30808311605165417
-0.6966998904278997
-2.9156586065328227
-1.7683987462780775
-0.748915208165215
-1.2469934054300844
-0.8383413107099883
-0.8672441749160807
-0.42842214755368824
-0.9921335556413805
-0.8922688590265425
-1.1456590756423526
-2.010540404717488
-3.2567907640111975
-3.0878893184937017
-2.335102693185792
-0.8609215620572396
-0.4978883562518662
0.0385430934620935
-0.09661368806278225
-0.004222870288559194
0.2110841968700169
-0.45212665021512255
0.016814543294437045
-0.11140494100438558
0.48594062348034395
0.06438949979738245
0.4874774319271896
-0.14989326565804836
0.4211677261120421
0.432254970341452
-0.09817404566782248
0.2086906247965593
0.32234399825774673
0.44276148604779164
-0.5707529110292332
-0.15829442321919504
0.17584775636307182
0.33287663094098724
0.3988081417376249
0.5108584274040555
0.16176680686396605
-0.33362685885905385
-0.5787390821533505
-0.5203138132008599
-0.4252558758479543
-0.35316612090319455
0.332310562996984
0.5240668871908246
-0.21592410327577946
-0.4855872372667577
-1.9794255991215925
-0.08801892961818614
-0.3742496850027305
0.29794848285599385
0.20952770909089632
0.07700059547020713
-0.5428808506381669
-0.6919938636340404
-0.8273736874967837
-0.1986782150279652
-0.3287327536043584
-0.148207973660711
0.17945430895417114
0.4020357101879053
0.3693035659293922
0.23740259594872026
0.3047218010278601
0.12251338472912317
0.23254773094428857
-0.04002309702323345
0.15888179140482955
0.20349674554744035
0.35238098622378045
0.16511502327900535
-0.3179977035824487
0.19351917240877978
0.3677290284266336
0.20018575115751563
0.16299104109909965
-0.011650781820357115
0.355413833890894
-0.19187768067938601
0.01021725192616546
0.303630707485946
0.11748850247713778
-0.7268754539511627
-0.29786857842075676
-0.23352546982741965
-0.054464150049412186
0.004613312376444884
0.10639438320707877
-0.01591233572506129
-0.0013079983585109756
-0.10672045696346824
-0.443354934760112
-0.6666801583357367
-0.3446143874421248
-1.1514645067016394
-0.09246159757220829
0.5397740450627957
0.5291748586428783
-0.10925749635670981
-0.5861915624728755
-1.4419596787133886
-0.4816707809425518
-0.13149891636617264
0.052323561438207766
-0.1303040624607905
0.13301871528403203
-0.38615237610215647
-2.002976758201503
-1.8127712960656168
-0.4944833303456343
0.16448389027865357
0.029570103241967974
0.3958615486174958
0.048588359093087674
-0.16573667015531932
-0.17082471051535894
-0.03961817556706565
0.0968725285286896
0.0695943921030641
-0.46498678898808454
-1.2292325469168373
-0.19545415558383591
-0.3745074698118809
0.04766014925218763
-0.04325056943050998
-0.41811907107308277
-0.0846201026510528
-0.1339415655919254
-2.00755142368036
-2.309012143524839
-1.6601571611325354
-0.060558145750310904
-0.011398499448293603
-0.23643672961171644
0.2819991716133611
0.4232283782501184
0.506158704381366
0.19530216498305433
-0.3865535919611506
-0.6246902001469802
-0.25736375952783763
-0.8005566106654513
-2.522431860450688
-1.7436845827553449
-1.3409059010618771
-1.1397626440239024
-1.8050818478866117
-3.2325043281769497
-1.8872961768746086
-2.560193662294666
-2.8851354940427214
-1.284648931716527
-0.347257842918983
0.28420700691874073
0.22294510373809398
0.41004607326495424
0.33905056212556406
0.22366296526780557
-0.6580472785489514
-0.7542501618047303
-0.033658373225356225
-0.0006904907921070347
-0.5062576899069468
-1.920802866659704
-1.3125699932697554
-0.04172834028368641
0.15994963300661583
0.5766206253091357
0.5008667194549369
0.30835521816763845
0.6078508419525773
0.7257202374108238
0.8662892694029465
0.796438928769452
0.3889814816996251
0.6340152953575097
0.6956605852546976
0.8795900703823903
0.10563480075406279
0.39482356518628103
0.4629746430325994
0.5712051985294134
0.4600290673368159
0.37352754443377056
0.2517776193580738
0.5519913770589217
0.5097796265348189
0.25337512663541784
0.6174278582113077
0.10694587244807147
0.2875435056151702
0.28481527513529736
0.10345051418879839
0.39202226904020177
0.6785884493213186
0.6881419907398648
0.1782077331895744
-0.23293982808957983
0.019763206970608627
-0.6431626340811712
-2.20919733530929
-3.24583434836228
-1.2654496688801598
-1.3248969378591127
-3.0899170947766916
-3.782106071489075
-0.9512232701746931
0.09837684208046513
-0.19293701619971612
0.10360887681460278
0.3612996212992793
0.30962553829599027
0.2793926320282957
-0.8693214603974772
-0.7473897981508079
-0.1741313461817572
-0.062365524455971794
-0.21317817550425397
-0.06731380326634137
-0.6046447475981812
-0.023135186269537228
0.12948016856204797
-0.6683400638475111
-1.9373688468133758
-0.9457071250396859
0.3521051797800825
0.22252978287091613
0.26376112533378004
0.48535982161728564
0.6907685506285335
0.061833436743732206
-1.2296701671761199
-0.5393067299691567
0.03182547182417725
-1.1480621055326672
-0.28773636577614015
0.12401269743989976
-0.13150067698242204
0.24909376064503913
0.16150938079839744
0.2094653805730762
0.36877660443176685
0.29659665849507083
0.2539645480513567
-0.06019798045593369
0.3297400710005781
-0.061045913873669505
0.07637766546770443
-0.15294871652707562
0.13327296046360862
0.2541013977038783
-1.3798723097094676
-2.524267145699686
-2.6759890438892286
-0.8415855235051993
-1.5464239619488296
-0.2194045098537508
-0.31751541157985086
0.21231935541507152
-0.035117835585722484
0.17552901218310207
-0.17827639988841584
-0.0010337618686440397
-0.018451386263824976
0.08427611761817652
-0.8872418967336092
-0.4034117936931686
-0.4940474077152138
-1.235258889718705
-2.6054838190113214
-1.0623307895123
-0.3352529326167031
-0.793756565389944
-0.5253176863317169
-1.9104297652814848
-2.5715408940983235
-1.7094798283740087
-0.3152676872298439
-0.443932734709372
-0.09407424292552849
-0.5322706280977341
-0.5289620466501418
-0.29676170794346746
-0.03225683352077621
0.14109174139331682
0.14882212687662394
-1.3755419824071649
-0.38323789473530423
0.20043438862313204
0.07444299339486993
0.3815938359219886
-0.2622348861211159
-0.5936438013063344
-0.7879362770200318
-1.1053355670024312
-0.8184339757746085
-0.607376745152867
-0.3708462622380845
-0.6296836549640196
-0.09021497636887457
-0.18110431304520744
0.3310272613222274
0.7724646695331969
0.5627763350562143
0.8729887094927754
0.5671971590318303
0.7756942135719599
0.574547720242535
0.08971452990596995
-0.11447445299931513
0.05525779021317703
-0.5605545578075343
0.1115960200440856
-0.03797664232729597
0.11705130892233541
0.532510250111774
0.27645109679668006
-1.196380201058391
-1.9622308327811246
0.08282939325257173
-1.1503186959210299
-1.338634323106576
-0.48732280400331174
-1.0406869120324551
-0.8204400497133703
-0.16339568346452546
-0.16546753790424992
-0.31497553643922094
-0.9476867070551535
-1.2635142413182026
-0.849007121761275
-1.949860907342351
-3.1825626995812906
-1.85959500269173
-0.145217888765487
0.22409069766910328
-0.019052226514795073
0.274913310118935
0.3677047969806869
0.5705704452814819
0.4555735244285124
-0.32316189634856485
-1.1960806214250257
-0.1565345154460013
0.2681116421678466
0.19958552953494635
0.10598990535478774
-0.9543499228894771
-0.34173786196568245
-0.34427940868089113
0.1693891518340341
0.5240564973061151
0.08199847476783302
0.5575468857772609
0.40903197454859086
0.4069220699220595
-0.013148137435797985
-0.8662191795546278
-0.6480355990842079
-0.8207286226475008
-0.06809700881528283
0.1359864612372891
0.540837981309031
0.16827167848081628
0.5116364840224379
0.806834066007853
0.9559558789790682
0.7745567098687727
0.8788770693897361
1.05147116992886
-0.28713463457366917
0.6439739404989074
0.560578733640275
0.7353867140264349
0.2975496010382076
0.091500263433862
0.46921312193792375
0.1298874173635416
-0.10200288607616245
-0.3370216698770261
-0.20677688236414046
-2.627412102584716
-1.7304443414357673
-0.17169927933455306
-0.24277557460063368
0.19143744743031643
0.34578964636587695
0.5735985636090644
-0.8360006498665806
-2.6929714606759307
-0.9736126463234213
-1.5964347202854767
-1.987338134527511
-0.6455706904580535
0.1890409539599497
0.5649334807808094
0.3948329914148284
0.23101063142996434
-0.3929183078855548
0.02438607501382345
0.3524320278887796
0.2916526269390567
0.31787719882578924
0.4898910685390587
0.7267612514981882
0.3881597626362505
-0.2360604313492831
0.2197430690659089
-0.841084733018963
0.04517092434700107
0.28576354025531747
0.16279942715915982
-0.7252969107639157
0.2756729335741678
0.39823178355796474
0.23312539026723583
-0.4388653214917907
-1.0757823074481472
0.39413166443710645
0.743573401902423
-0.1914689468441216
-0.5884698361436692
0.11793994074586359
0.6187942062108557
0.7104712578486808
0.46490674940088816
-0.3720136911499745
-0.2166187677751373
-0.051847883487590424
-0.0035607465423861673
-1.5981975378938662
-0.23619758153105772
-0.30562092918117323
0.23885463887063815
0.09581249101769945
-0.5894492699968155
-1.5240861648692494
-0.1370977357320672
0.4522251197508018
0.5264964474488374
0.4716985501109623
0.6955672714648878
1.109264054285756
-0.043268081741562575
0.2633110817259454
-0.27497760023675366
0.27285864569363005
-0.3157840049398236
0.789223775593685
0.4977250160747604
-0.5318330433444932
0.08216155143210027
0.20717701620637255
0.03614176950941181
0.3152990606097069
-0.2999275939821334
0.6725304815823312
0.9352829054329044
-0.0442841571341048
-0.5645573431268273
-0.7324515352843503
-1.1734598671149528
-0.8521352444450255
-0.7632071380173582
-0.1064308874478627
-0.056056596416137916
0.21154696890897193
0.17523414164664525
0.09553472117991016
-0.5264805087147705
0.2764081655985625
0.13217873948258388
-0.19395557710165504
0.3218110260375957
-0.06459944655713212
0.5187109238696533
0.05140525389010989
0.3908531953414426
-0.44208798845194164
-0.6808078304569208
0.02517552063041137
0.0634096179272926
0.13672418140858408
-0.28425407612413967
-0.6048683211819398
-0.2725629156768129
0.2870060372546912
0.3623043507626271
0.7186272706998993
0.43946849731835314
0.1839945926962999
0.47394101802561206
0.6346145637031518
1.021563485095045
0.6959580891320373
0.655464060562202
-0.8133928235297908
0.02013650590177979
-0.6217554780590024
-0.07022343784740859
0.2963924560314003
0.4550911736197857
-0.13820188865046054
-0.910248779794944
-1.8320895995387512
-0.8948950267351127
-0.02011664945126082
-0.1956876127499654
0.09536595706274414
0.2709849001626554
-0.21754068620318875
-0.297933050873774
-0.059035934031891946
0.14523287618363764
-0.07537366450871805
0.4622961263572801
0.2803588573908181
0.9257011603478696
0.9479862613103299
0.9281771341704889
0.9527540447800357
-0.19338974979549403
-0.39752775068341084
-0.34301852234007435
-0.01079997289866566
-0.3317130206632334
0.303629354295519
0.5454557846183875
0.855405857434303
0.9539800208279318
0.9089025876634966
0.9380057608527129
0.3949044165586505
0.8232211556068529
0.7934043907527695
0.6406070839451593
0.4472310566687945
0.4498790908145496
0.20382905924678893
0.3099826285962277
0.5420528230136881
-0.3709758486141558
-0.162516681448393
0.07818234290669748
-0.4749387016822689
-0.4138689458188186
-0.5325641755332305
-0.2358708506088714
-0.8261536966880931
-0.29049095632352373
-0.0376276906594116
0.18344441606213296
0.15721157718556616
-0.2374052638127043
-0.19504530223862118
0.019811559141220902
-0.42626341354881603
-1.2405562968584494
-1.6511155341555739
-1.059648489218344
-0.7474349756747038
-0.38306245931878824
-0.283578487442826
-0.4541389832397209
-0.6574733251123331
-0.75346946904891
-0.4463686060760812
-0.17349368106224153
-0.029964876160892634
0.3033912120530824
-0.16641175170995007
-0.131809613989558
-0.05707663924540671
-0.421557314959926
-0.34654464914786687
-0.6732997897057869
0.36387824751104125
0.5338202173269941
0.4939994942070467
0.4965120926854747
0.5940843114572593
0.1791061090031177
0.5266752086718034
0.42332999375425473
0.579145274396621
0.6777951472355715
0.44527901855889906
0.4218951950983739
0.45909277215468425
0.3045489216780526
-0.2796241938202313
-0.33181072319293325
-0.015024134150269347
-0.3518941289142927
-0.156892905168556
-0.048155191209246634
-1.413656644736261
-1.793712032277986
-2.3404501591911564
-2.8377671351513496
-2.747000632497975
-3.4546395073703153
-2.109257072564501
-0.6289224479865979
0.11720632046398599
0.21442751783552222
0.41995347922791215
0.2532638796290998
0.4023452613133296
0.5668700603964933
0.6400239289608484
0.48846427225796096
0.26658748904500684
0.25079665342251034
0.03713666886780623
0.3971383603595262
-0.08410466297314292
-0.08347457420607032
0.38601252763877025
0.2979238472247896
0.0896468280758787
-0.5024550505604771
-0.22386308125433127
-0.10370473059013202
0.39623035534540996
0.4314068165786704
0.4926994798767498
0.588910733554073
0.4608851287596183
0.3939308454570677
0.5737248055706714
0.44267222381832005
0.05158913927157674
-0.05183883987023294
0.22950446540399283
-0.37893253252549985
0.026390351954473812
-0.3919314094502664
0.006674109805183265
-0.6192728224494325
-0.2212473706120269
-0.4117982096178583
-0.6148069751873076
-0.44034401757936636
-1.2875734274071091
-1.6565568560117587
-1.4314124722802553
-1.7365489562295955
-1.4744643647083635
-1.5284679508777024
-2.543845813854241
-2.8471646107760407
-2.9461313031013097
-3.5141181833315605
-1.6114578291142383
-0.5441414684996743
0.16807585565358413
-1.3431649000490282
-0.3353591677522224
-1.3525846692312198
-1.618763234473873
-0.6012188011129956
-2.0074445581415983
-1.2954217638239645
-0.3864026550167451
0.0994263549443631
-0.098244874804775
-0.4619947187179795
-0.21004707848403184
-1.0771518961531976
-1.025024653172062
-0.7545645764382896
-0.5807857935417304
-0.7011654131494113
-0.3256240456959515
0.052242369762752386
0.06464344618012358
-0.06013504054864516
0.2367174507894661
0.4663248692007488
0.561389446286262
0.231646390345873
0.13468606333443398
-0.03886095823568253
-0.09819900372074522
0.1657727712661547
0.05439521231519559
-1.6210322519477347
-1.92067765382512
-1.0123104833964525
-0.11295911664617395
-0.378016836371326
-0.3041528402855821
0.3591022252648818
0.34709138417511454
0.3988545866958766
0.4494653856327423
0.4612841405155139
-0.5527842170812421
-1.3818265114936787
-0.258557542690836
0.28044826127231154
-0.8033328585564224
-0.8637070496150275
-1.1735308295442457
-1.9371796016086031
-1.9706611566885026
-1.2271414834851295
-1.2546601663867993
-1.078128460764417
-0.818886965104097
-0.4339839234674897
-0.07542733013263264
0.32044294300327536
-0.3072244007544005
-0.38351191076143587
-1.0611424547929285
-0.6016465127399578
-0.9873262953986658
0.11010968588496878
-0.02380674546569919
-0.46476889059517457
0.18506974075320304
-1.0516935105466119
-0.08395548758260832
0.4205393808286153
-0.7024949422146776
-0.8101287693506684
-0.4942491025114426
-0.13541559922096127
-0.47037580296507364
-1.4219928035980656
-0.8657283231266741
-0.38201609860489316
-0.4539255255590301
-0.506014966912869
-0.1985346310068122
-1.5595511633907078
-2.030273831533043
-2.723257678633555
-0.6913020228608222
-0.09185417921351482
0.3337751813572234
0.66644964848955
0.07811326826430551
-1.0969584059943298
-2.175070942520802
-2.5794483723625397
-3.562150136504498
-1.8611001305322572
-1.4262891648717169
-1.2101826824189938
-1.4493753297279401
-1.0463214529587597
-1.5976330785996573
-1.1404263204352558
-1.730680026228335
-1.491769869275121
-0.21470332220930385
0.19201357262471128
0.0026371162201889453
-0.24704422269179024
0.1683955201947276
-0.7800830188246326
-0.22509294078164419
-0.17894620128545632
-0.6616790770609241
-1.0901622869657452
-1.566466572710444
-2.631991676335116
-2.3659614987078346
-2.405388686359182
-2.3861933606020997
-1.8905823815364855
-1.1497634904596177
-0.8878698314037133
-0.6071569208097988
-0.9238806772987623
-0.5724701349787195
-0.058640334614873946
0.13864773697240432
-0.8215183658386349
-1.0540831791211944
-1.4940030411332763
-1.7815234640033835
-0.6805121235272974
-0.8940639624471299
-1.41613512145243
-1.1352531264528787
-1.5990527564206838
-2.098060153987069
-1.9913089009441662
-1.4702895365543418
-1.0270118228289884
-1.3855496107207828
-2.189935702535072
-1.9986409686527857
-0.8579857281366803
-0.6345445671932619
-0.6419395858677114
-0.8504231883975663
-1.824724261757266
-0.45711719308503096
-0.30043489320667527
-0.132748575751619
0.003309133097569833
-0.10136343482249041
0.21193903093020064
0.6584607975159497
0.0118509220519811
0.5548821282475647
0.7696261095706425
0.6510763850778832
1.1674626129039207
1.3453163125091028
1.206875083244064
0.8440430329731753
0.887086577274413
-0.29521214104372484
0.37710201883491223
-0.3419286304491028
0.4885497217720528
-0.09971858666873287
0.19269846467316443
0.37649827244444933
0.9232819062710577
0.62952484390291
0.21544020748881418
0.02737337350162375
-0.7084893786613101
-0.1160496182674283
0.6081797760456473
0.013777083714646227
0.4074576177030317
-0.024318439836349542
0.37331650199164373
0.7327964610674761
0.8045365159779658
0.6393069666936743
0.7623265100395878
0.7217683788641386
0.7924910668500373
0.4477419754173604
0.8102931545377081
0.8012043078269045
0.6350918705216506
-0.665849523157522
-1.217981997641197
-1.803569205796322
-0.6137650194605359
-0.7253040209550324
-0.5282245390357344
0.3308950491842218
0.38906351406154605
0.38403656207569203
0.633068346889303
0.4531437421910489
1.1816357982306875
0.9092690129395894
0.4948189031243868
1.1101515262805208
0.6950467283142344
0.7379115685126785
0.9591470588355413
1.2065739299653735
0.9140861389483916
0.45240940955815245
0.7439434128885888
-0.4318388483510235
0.20184208863492656
0.5947496472501168
0.7231635272976086
0.4875219329912728
0.3815962824179153
0.2331420124719182
0.2721472731795097
0.37779267848100684
0.609711795927869
0.29542971792972106
0.9386400778249487
0.9266587184136869
-0.23594579780966288
0.46203543247088463
-1.182207161384818
-0.2782767803827769
0.5465451645814047
0.6213011125554463
0.6289130361513563
1.1011364071580403
0.8388942375641782
0.15423740235791714
0.5370054034556111
1.0906526530171121
1.1137254490396564
0.6247194554169438
-0.18763243225383217
-0.7817676382656028
-1.9871891511845956
-2.3457103186973383
-0.5098140588627095
0.6648039916696907
0.5981411818342515
-0.8966230660210662
-2.41325476200683
-2.4400519486845798
-1.458423740150188
-1.1910147316727326
-0.9531220494606808
-0.7937672785876307
-0.8397700824371938
-0.6494023265681791
-0.18757099367380578
-0.20505176976770143
-0.09092276345613229
0.12489446542252505
0.13492022434371834
0.47424919475740823
0.16037322463740544
0.43923657829255347
0.74017041331787
0.5490671894099668
0.6490224103929674
0.9574983001423525
1.0401453330791228
0.9466241335076077
-0.29031249568439277
-0.1526618253038123
-0.04973364469865468
-1.5759062522311302
-2.2135927194491245
-3.2588707944989306
-4.331986890169357
-1.6346068012941963
-0.49757653928230394
0.12312616276661817
0.15551553211520522
0.426724714142549
0.6095437221055052
0.5116294826882203
0.4057247122585437
0.29914946485687954
0.5387823904855592
0.5899072757903683
-0.04273470666452503
-0.49344424350606453
-1.4359949659518136
-1.8593720048706583
-2.4702523272706305
-2.228984549430966
-1.656759834221248
-1.3026855522432015
-1.2832025848965949
-2.222622521285433
-1.3677331751555395
-0.5235300789716317
-0.2060025964069179
0.5399012291290165
0.1365970637712824
-0.19374994890269928
-0.05483448197526278
-0.5064507379794719
-0.4586727775521716
-0.25207384112352327
0.1504238794373736
0.18452585929077098
0.11339564995968723
-0.2736650464356535
-0.9898781528915713
0.32256196531653614
0.5204659637787392
0.9200674247731456
1.0472043633246397
1.1849036266267492
1.1468662234970655
1.2884064903624217
1.0837704759181614
1.451699399207857
1.2547775588496894
1.2835993828822636
1.409524628182324
1.4225552942470867
1.3032740365874802
1.342904477261537
1.4984244310721595
1.7169645331763161
1.5459320454421392
1.815281686658384
1.8515518321913145
1.7056689371299985
1.190279582844635
1.7112500045953443
1.4646003035509594
1.3652309714831843
1.4626810143123246
1.310926121094827
1.4150778049940467
1.4915298491372873
1.6235149208457051
1.514542177042163
1.9361719218901048
1.527168266132387
1.012724036290297
-0.19881685164522275
-2.144837104576898
-2.7204127574778965
-2.4158581267726187
-3.296633929687043
-0.27724870378336364
0.5876693990140881
0.31302377880329
0.08094477077159606
0.4558075263805239
0.49690626895160106
0.5560358065011622
0.6274690007817677
-0.015205009805325714
0.11179298243146553
-0.157016441563351
0.0979200594978629
0.5229395782892093
-0.3838879886072034
-0.7342700562253973
0.027018391538737224
0.5994872023333389
0.8113408680556485
0.3270600761853978
0.47048610670441293
0.4336274434631977
0.9887204326880442
0.9395539077762544
1.2527009634741169
1.1948179566582964
0.4725079952086235
0.9960309804258384
1.4839580743124041
1.307296788398601
0.879807674582391
0.7613732000695798
0.8287421569998236
1.0977363622493168
0.8974132138705396
1.0020870611015527
1.3353873196949326
1.1491641672203814
1.1554571159263785
1.3288971253497783
1.2554525377740189
0.6257283354109381
0.7928795009429116
0.9641858660820583
-1.511080256167723
-1.5720444007504013
-1.244734531599946
-0.3669604176950728
-0.9551446648706384
0.00424311452117862
0.27203411849427095
0.11944437053346232
0.8828829955436603
0.7176764774495298
1.1456612163454087
1.3905086664022155
1.3551366445098272
0.7104476794058402
0.5758441165676981
0.4340967262016293
-0.8848131805193399
-1.6958692017885508
-2.623955309156981
-2.341667567871447
-0.4328940316372194
-2.2536140665656172
-2.3893172899303936
-1.0578307109082856
-0.9055201166933989
-1.9987615163050234
-3.61162568518996
-2.1572606434029327
-1.4633486020401996
-0.9550031310688786
-0.27353119447628094
-0.033998728596228184
-0.42142545204004034
-0.8044562561845316
-0.9970486630657308
-0.10106059484900817
0.338651032709098
0.6119582347538379
0.8828428117631538
0.8578722812955186
0.9352751171504771
0.7907219088560501
0.9194595658811141
0.20180931531797877
0.47163390910175107
-0.3721781844713885
0.3631744027780107
0.4169833014918686
0.26032007619357644
0.4958426460534714
0.8113170073621845
0.9453917851399454
0.39611143789859027
1.0968736044681906
0.6364737524032096
0.6455495648709247
0.13306643806684107
0.23299803624535678
0.12670903404812356
0.043582082570983255
-0.10842917572688801
-1.4674694514255147
-1.036780871724883
-1.8944437874370854
-2.540955741938803
-1.36747650723068
-0.9056930852453015
-0.9040902578993485
-2.732906657008685
-0.9711987848167706
-1.5030727486291953
-2.620255538929999
-0.7771340409476781
-0.5386256657678542
-0.6792151241265032
-0.6611493981833713
-1.4912477875479535
-1.2273153695064896
-0.17784625416832947
-1.1593010936373769
-1.6007050357780324
-2.5332326138859607
-1.846096006641177
-2.087608753860743
-0.9762059486789191
-3.0780822579254625
-1.3054464614868648
-2.118569966676422
-2.0208596671074037
-0.2375545500295436
0.809038522551398
0.8116232527281552
1.0530175288005446
0.7806579541854989
0.6774599980109673
-0.45849960822656766
-1.29420438478234
-0.7795591782341468
0.36323339388294923
0.845174497626052
0.613605344509187
-1.3724172652035531
-0.5931802168807438
0.3791467666626893
0.5244660679825912
0.926504829481739
0.8489291317390334
0.9716115242995184
1.007844193168061
0.776954605053578
1.0488810560108668
0.8360652565313429
0.8477621673426058
0.861207612343677
0.6620923333025764
-0.7203691395748956
-0.14440971304702213
0.5842555050158966
0.9087053078884098
0.3301162277289489
-0.6511934645312469
-3.25906772732323
-1.2985168690308566
-0.4280309234359865
-0.8714650816990381
0.3457998245705344
0.41476050121167907
0.3726571922748776
-0.28564155455286677
-0.40278862969951135
-0.33107549226062294
-0.7640229991578223
0.0417373130752178
0.7450380105739015
0.40494106819296183
0.2254680827231279
0.6475413248236103
0.7520632799699106
0.6157987021033617
0.22086068744105739
-0.8919930152378576
-0.4519733436782237
-1.5440961150166534
-2.252896609784262
-2.6745873558491167
-0.64534448267557
-2.0912948995812575
-0.2687589663336367
0.26393097857038594
0.689522966768375
0.6036703502600942
0.4490818785496098
0.4619275975827466
-0.2671649351498354
0.424980922160366
0.5895912722155973
0.161514264754931
-1.151354411450324
-0.6744553223899316
0.09520824697773381
-0.34828283445316643
-2.473409823147925
-0.7422245378868559
-1.4314244081837288
-0.47971035361926173
0.4172947348469026
1.1257447435431105
0.84090423245216
0.6604917388952106
-0.9783531555058594
-0.5496548828183015
0.5467199609061512
0.12033850984802048
-2.0246794370088077
-0.26081514064483813
-0.3032731623447542
-1.056975639500289
0.3560159008407182
0.1365436445182839
-1.997095193345613
-1.8704014494606178
-3.1421804349356095
-2.256329171703188
-0.6799940916193558
-1.263637674058244
-1.0021993520048424
-0.8452267777390529
-0.6193845196594207
-0.4630320626528839
-0.4723852156442113
-0.18355362285229546
-0.7740894148580816
0.19389379825490674
-0.07748029348330479
0.2800785477288512
0.3380080724788608
0.1787407673051087
-0.4946590572120817
-0.1614109700219892
-0.5547891825585518
-1.508998507524899
-0.41135747628002794
-0.6490075468225902
-0.7532548738564394
-0.24520670350556037
-0.9574515779796938
-0.7021289507129259
-0.14125135008209846
0.5089385043227518
0.6846452439985733
0.7486600522010378
0.506721675932423
0.6564218858065554
0.03433957525976686
-0.2635344613998333
-0.24352811715798098
-0.6031180428406427
-0.5305112427568296
-0.004964287599030032
0.18939484063867332
-0.021916884673643083
-0.5698716058394403
-0.6451034446014673
-2.075812330507819
-3.3768899960063408
-3.3077900521639725
-3.3095371156131645
-2.839999183310945
