2.682545672521399194e-01
2.600059036133834378e-01
-6.905626089366939668e-02
9.156779007910562096e-02
2.714109490654034174e-01
1.987739871631536148e-01
-1.350673366806631748e-01
2.354548835794517680e-01
-6.602620412278649431e-02
2.873988677225378097e-01
-5.725598665225613004e-01
-5.524115755058566224e-01
-3.324977405964363308e-01
9.408068948109341023e-02
-8.724634681307510964e-02
3.050430400461882907e-02
2.678720447930231230e-01
3.874820284865463926e-01
3.789967913813462319e-01
7.119546482900144246e-01
6.736777316965626428e-01
7.156323485049632671e-01
8.890990104856956178e-01
9.767898797067173788e-01
9.216206693877110334e-01
8.062466660507033867e-01
1.010550394858690915e+00
5.561169744830349870e-01
4.310578023870739184e-01
3.050531089091457759e-01
3.417585171053619808e-01
6.743509848823348030e-01
5.008921437017508360e-01
5.346001844324511643e-01
5.624223055408232863e-01
3.149550014271578768e-01
6.368566275322955494e-01
4.837623994269159566e-01
4.995686722624188558e-01
5.252814838249462159e-01
6.813967269361941304e-01
9.280765305913906138e-01
6.631732096136496724e-01
4.109589242803441955e-01
3.941411577828108914e-01
1.435376856582335492e-01
4.870515732123045227e-01
7.266083001793124385e-01
6.843089944745500697e-01
5.224438136793649878e-01
3.788789662101880173e-01
3.252748058447605395e-01
-6.590884576688403607e-03
3.642462292581937766e-01
1.933542679450720447e-01
3.607215526737591049e-01
4.356924234156166476e-01
1.422933052928267161e-01
8.143675931838145754e-01
5.879394633902579326e-01
6.904506134267569539e-01
1.199627004765211058e-01
9.990806908931959551e-02
1.148526894019634981e-01
3.572636185526483765e-01
-4.696274592238004753e-02
1.564062747767989425e-01
-3.348228917783317993e-01
-6.350783708331314559e-01
-3.222577803056422829e-01
8.957151073725298784e-02
-3.880817518535124022e-01
-5.256655542205190823e-02
-9.929084535095361597e-03
5.406657099622756979e-01
-1.340993858591807419e-01
2.101648060095228643e-01
6.154398922558955709e-01
8.191089639048088067e-01
7.367951496580846804e-01
6.801164843140198313e-01
8.948287447683377360e-01
9.647209663440178273e-01
6.319581630544901518e-01
8.645210693089661058e-01
1.003510879746347451e+00
1.164820711292225086e+00
1.039733417683936567e+00
1.067347033212787899e+00
1.102206228039059210e+00
1.260184051802948124e+00
1.062795598463067703e+00
8.403866352065235690e-01
8.230527172270060143e-01
2.489324784078032204e-01
3.845837274244720549e-01
5.851986502074300045e-01
8.159821866819835234e-01
8.169239945939630321e-01
6.986907916329042623e-01
7.370517940725237471e-01
6.795528912522152964e-01
8.197141056863317399e-01
6.720125956165322600e-01
7.989270768039600235e-01
1.069501815530460531e+00
1.225608305110891916e+00
1.091522808049495419e+00
1.082548079740836888e+00
9.160303981587719635e-01
9.133355559074716190e-01
8.443615679697296095e-01
9.187030946878338433e-01
-1.173603709579913029e-02
-3.498998359232532995e-01
-3.516117990235227975e-01
-3.726743605010810478e-01
-2.211614995521422600e-01
-1.100467487834288216e-01
1.446425052689658507e-02
1.893637182997842394e-01
-1.490376878098315372e-01
-3.066191792441612662e-01
1.735946007889387355e-01
-3.751324693896020135e-02
9.675822930510281916e-02
3.449848790507882290e-01
5.950080086888824837e-01
7.948770858525480154e-01
4.419639144883268922e-01
9.467450230898638575e-01
1.264814174470971553e+00
1.203124021475398209e+00
1.103000623537662817e+00
1.199210725699089375e+00
1.238623092006660320e+00
8.191798544858448494e-01
7.715524240525425403e-01
1.016583176005871891e+00
5.986867627814174142e-01
8.395450355260419828e-01
-9.474022677395871339e-01
-1.401322983362734087e+00
1.078312952535932095e-01
6.244582677930563541e-01
-1.250929112141204724e+00
4.237692034103761052e-01
1.042677734647836224e-01
6.163952725243770914e-01
-2.047580800699913439e+00
-2.749151783762402435e+00
-1.547818756933164508e+00
-9.770620870294476346e-01
-1.874823379254511702e+00
-1.788008407220647245e+00
-2.487884855980746490e+00
-2.319699158271880446e+00
-2.212323661110985551e+00
-2.015655659536606858e+00
-2.286240374878254489e+00
-4.179626167922556590e+00
-2.286195704169290188e+00
-6.372544747060371328e-01
-1.634202540675815940e-01
-2.929935914093920735e-01
6.746539385625850704e-02
5.491184510238305005e-01
4.583803044744170219e-01
6.880166530441615969e-01
7.483333014001982697e-01
9.067055257465775897e-01
8.391566224135241781e-01
3.455248503034526464e-01
9.799598335111165959e-01
9.722461818805854250e-01
9.309700313567593755e-01
1.040316358713342826e+00
1.171477139149722069e+00
6.361166352982607908e-01
1.035893045988345085e+00
6.494249623567803775e-01
1.122108166285566089e+00
1.028177778597790581e+00
7.711850535217490421e-02
6.032656166158970601e-01
6.792512690781212781e-01
8.248782320363474696e-01
1.212710883683225660e-01
4.915487820674548924e-01
4.112789267052244235e-01
5.688314590115887137e-01
8.693034628011355736e-01
7.206191626768110314e-01
3.899833543547874259e-01
5.770452251559274881e-01
1.435565006756754913e-01
7.880420790325634584e-02
1.722483587528209348e-01
-1.073191757843414251e+00
-1.664565742995164910e-01
-3.595547244274664989e-01
-1.023189062090470169e-01
2.051231740083150901e-01
-2.950664751650398099e-01
-6.077225702074376956e-01
1.079745296251166664e-01
-1.679351409954137619e-01
-2.703501709067896441e-01
-5.879370737113466250e-01
-1.137914968216153344e+00
-2.681392391561283173e+00
-1.486673533402143033e+00
-4.305349890879631714e-01
3.828760363891850482e-02
-2.632540387640048829e-01
2.053073408414248513e-01
3.700954395716434253e-01
2.279706374790653745e-01
3.470839740591160072e-01
2.754556415713900197e-01
5.842111783333578945e-01
7.474858732291171926e-01
-3.125131197161560848e-01
-2.106273319409440958e+00
-8.951791158050651509e-01
1.898754902672090406e-01
1.796114015018342863e-02
6.698866442466873128e-01
5.028399329541023421e-01
-8.555009113172636764e-03
-2.119741305268905418e-01
-9.733532276956660123e-01
-2.014370012975110313e+00
-1.978473596212141805e+00
-1.361885280378972940e+00
-8.165799831355745608e-01
-5.931765163368062366e-01
-3.478750060500024888e-01
-3.007308901827948633e-01
-3.417662421894252650e-02
2.310787616880716211e-01
4.016457859387279061e-01
-7.087493166767000474e-01
-1.900794250386305340e+00
-2.212559823602652020e+00
-1.611390950437818548e+00
-1.004198058479241373e+00
-4.751638312499039674e-01
-7.774273855833829794e-01
-2.882340360214390995e-01
1.648366902769248798e-01
4.588683741406352490e-01
-2.325901905393314845e-02
2.398774150648934622e-01
-9.796376371131488847e-01
-2.803522885723715996e-01
2.434446095966064094e-01
3.482882577308988870e-01
-5.251193574901426020e-01
-5.490226335632440724e-02
6.302264138724800180e-02
2.438800120519094006e-01
7.665418407519880573e-01
2.699265996125937983e-01
8.755037730581805011e-02
8.439976795784055463e-01
1.029353664795033207e+00
5.073177745510959458e-01
3.675380050064885329e-01
-3.334361480618710516e-01
3.627205262823042231e-01
-4.623351562658144509e-01
-5.075077422624027501e-02
-2.187906729427654684e-01
-3.859793287400279937e-01
-6.946411305098888489e-01
-6.107787203323578051e-02
-7.376081531700515725e-01
-8.212448227217064023e-01
-1.087668523278582100e+00
-5.186227081053484955e-01
-9.605065744102624370e-01
-8.041694135372047247e-01
-9.865845046535502982e-01
-6.107754308020202361e-01
-1.124191330150227097e+00
-4.049293957288452317e-01
-9.758261394288506030e-02
-6.899800706469096101e-02
-1.466434865258252840e+00
-3.556134262169753368e-01
-7.117002379656719446e-01
2.270824521874479640e-01
4.244924964574553483e-01
-1.262823140162246671e-01
1.869314504208204886e-01
9.747610366870809728e-02
5.658645889006090890e-01
6.568566386078376063e-01
7.428710758304140072e-01
3.945529383835672532e-01
5.973265910337104412e-01
5.631549079650416401e-02
-6.670305326521336342e-01
-1.479633936105568592e+00
-2.313330266424094450e+00
-1.344319040820851185e+00
-2.434605453341209813e+00
-9.568468601787410988e-02
-2.396986242632589637e+00
-1.566102025040270851e+00
-3.427991866791792464e-01
-5.340401784627913928e-01
-2.107465629240928007e-01
2.430046000097609571e-01
9.970526111003494285e-02
4.952090396253250870e-01
5.326542196397398010e-01
4.520281189058439342e-01
2.826237291037033139e-01
2.496627102196376236e-01
4.047873565669312113e-01
6.347451016605383245e-01
8.482924695603921705e-01
1.249056671763172810e+00
2.386652835956588059e-01
-2.165464915854058425e+00
-5.236752409814006137e-01
-1.863893788805620344e-01
-2.704150276657347085e+00
-4.833908428098963594e-01
1.071498951655542042e-01
2.799393525594607857e-01
2.006701865326651069e-01
-2.267405483082105266e-01
-3.330260197075430306e-01
8.113431849714178301e-02
2.559840991837871726e-01
2.737373216984467228e-01
2.272743725915481738e-01
1.578799008447214630e-02
-2.069268715707985318e-01
5.116034017395680866e-01
6.285012242541692107e-01
2.994735006815593126e-01
6.054002967184594075e-01
6.946162936652872100e-01
4.907825698186185637e-01
3.007559667179892093e-01
2.145819137569569546e-01
2.796139058542099765e-01
5.908958452040016102e-02
2.613404236000300696e-01
6.149887971618221982e-01
-5.169305326879830575e-01
-5.300594420444818544e-01
-1.123063109723415887e-01
-6.494366775663511504e-01
-3.265045005566544756e-01
6.736246231894763570e-01
8.276358754618862168e-01
-4.638559908797407205e-01
8.794833379944737295e-02
4.725764390412350857e-01
2.405470645786861872e-01
7.130480152592177934e-01
5.192484587267577334e-01
3.320818981905670486e-01
-9.808854109187600812e-02
7.335366115563317635e-01
1.691210017768064677e+00
2.457877011328563066e-01
5.111370555513311542e-01
7.304232155069099175e-01
8.064236343879633839e-01
9.477006439470383459e-01
6.408897419057887346e-01
9.279666502407047934e-01
7.716739044090802357e-01
7.125078822609490214e-02
-2.679647099008112265e-01
1.714923179773084061e-01
4.804572651565756081e-01
5.947916663985980401e-01
6.429498289333097638e-01
7.099926064225889344e-02
4.798606578434672643e-01
9.480721468053078249e-01
5.006696362137039724e-01
6.493436466433381016e-01
6.207017754069400484e-01
3.550494809065948831e-01
4.897482435920278987e-01
3.470656956900476930e-01
5.592354677310503730e-01
-3.002824719784654151e-01
2.588977311769652401e-01
5.987634010911474514e-01
6.071481333474453290e-01
4.950173598765926775e-01
-1.965189402357142567e-02
-7.753318910748590032e-01
-3.386197926131853664e-01
1.345965339412364681e-01
6.064409259116225748e-01
-3.110264861445071194e-01
2.623068562926175740e-02
-6.286141683617284259e-02
-3.510282818341339817e-01
-1.729425816215151679e+00
-1.698694632088533885e+00
-5.732726826238875306e-01
-2.319116025256137137e-01
2.893786512186194426e-01
6.956896621896230259e-02
-6.283392571249344360e-01
-5.919206500398144222e-01
-1.346728882911575331e-01
-1.728239617810875539e-01
-1.678924133062663193e+00
-4.877467001274348180e-01
7.699058234210851004e-02
-5.491009625524718996e-02
-1.205803968507203505e+00
-1.357316951641824421e+00
-1.278988745286393947e+00
-1.140165393778131309e+00
-6.715178655799591834e-01
-1.127820779260474637e+00
-2.006022424667892157e+00
-2.214098096445594077e+00
-2.264808955378491362e+00
-1.986271219328164195e+00
-8.007791127446431956e-01
-4.886271951977351202e-01
-1.738548149770088314e-01
-4.836038282452499448e-01
-4.627734259108756132e-01
-1.099416370973630652e+00
-6.720640789573705254e-01
-4.003482347487082038e-02
-7.826073355053633218e-01
-6.856505164819620690e-01
-4.328575852675168312e-01
-6.358301163596066785e-02
2.973487845212222647e-01
6.769677629446592404e-02
-6.590424390411862010e-01
-3.850280381249212014e-01
5.925333608788381501e-02
3.988112698573464399e-01
2.623180650445414708e-01
3.449676994825287557e-01
3.768314476641183575e-01
4.231025240538523469e-01
3.668942913786242821e-01
2.559498222327501460e-01
5.499329268899280088e-01
5.521825074969678449e-01
2.778928650423024282e-01
-1.002374956322735322e+00
-1.799741853065812247e+00
-1.353197266603819893e+00
-1.364975004633967037e+00
-1.732316138967076924e+00
-1.354509552166508257e+00
-3.619633272394542911e-01
-1.039893733751324989e+00
-7.614759496097078806e-01
-7.845753356795288624e-01
-6.649014866053326589e-01
-2.385129170053104986e+00
-1.389785709964102445e+00
-7.429659301480442402e-01
-3.757231718417577970e-01
-3.802723375290432695e-01
-1.455280139764379310e+00
-1.703455675202524500e+00
-1.263739782141056089e+00
-1.967234012645946883e+00
-2.263736550352638766e+00
-1.473952680174308139e+00
-2.606636484187487834e+00
-3.270114747515205700e+00
-1.420446973999685669e+00
-1.146699395333523885e-03
5.814461002027756370e-02
-2.030972536101255943e-01
-3.792780071015258714e-01
1.056319280532404953e-01
-2.305727060749822033e-01
-1.507912671277301664e-01
3.473269965260067926e-01
4.814039926603311259e-01
4.904417512071670981e-01
6.206563242420642945e-01
4.453835559354500928e-01
6.537502476036857191e-01
4.657442566617496227e-01
3.765042804184289826e-01
3.657576665475724687e-01
-9.134197986192973961e-02
-1.497443476402410711e+00
-1.147478062699406109e+00
-7.507749314163114640e-01
-3.358815211706481785e-01
-2.524506617769796679e-01
-1.386459874834954142e+00
-1.041376028179019864e+00
1.930580042627390025e-01
-4.256736427492512909e-01
3.378058199376893778e-01
5.960259246228994945e-01
-4.179594917560855993e-01
5.268001473882715224e-01
5.369154445732047254e-01
8.726986655849878760e-01
1.057294190054300476e+00
8.304036713215086074e-01
8.238516330772709395e-01
6.298008153301294376e-01
7.133607257858584072e-01
3.957523839245854491e-01
-1.732537341911422057e-01
-1.687192453803631143e+00
-1.062542395880739621e+00
6.323580810185180923e-02
5.509460902804649285e-01
-1.268065969453869402e+00
-9.333838990532674629e-01
-5.018409917936742515e-01
-4.723571302567161623e-03
2.436234555437807592e-01
2.924921326667711541e-01
-1.536830987806913962e+00
-2.509458387609156294e+00
-5.006082947275706241e-01
-1.708899231026621335e+00
-1.092197196806274695e+00
-1.905838667824669264e+00
-3.223980391089546593e+00
-1.178449811315428475e+00
-7.019560645491595974e-01
-1.224835545932802194e+00
-2.635220289415415862e-01
3.349684921164562401e-01
3.041025853364318632e-01
-9.431414091965363566e-02
3.585916651781120845e-01
2.904763075526582417e-01
-1.229671644874062775e+00
-3.843640778223722521e-01
-1.779708635420583773e-01
-2.337090795210736982e-01
-6.327044873527576385e-01
-2.075401566425427724e+00
-3.358436241985871096e+00
-2.293244447784692053e+00
-1.843391901934492871e+00
-1.079076231302850353e+00
-5.355002070656667001e-01
-5.852519207211719365e-01
-2.169029254501021686e+00
-1.511524436543821182e+00
-4.521145293894074935e-01
-1.935203800309973354e-01
5.027815169685784236e-02
3.913072453523323002e-01
-2.366700769888493983e-01
-1.040918892221579295e+00
-1.233884421811521692e+00
4.719792039913217607e-02
4.710788420499412155e-01
1.858290594592267031e-01
3.325214817367044273e-01
7.552223680791933513e-02
3.375707317961681442e-01
-2.724591911353210077e-02
-5.268462835544968081e-03
-2.346509503091172566e-01
-4.139311711628939072e-01
-1.648089959164392715e+00
-2.412057828033847162e+00
-4.079466271342262473e+00
-2.756208882218539546e+00
-1.401379936966599349e+00
-1.260833464107966595e+00
-2.196225509771745354e+00
-2.654948183488594182e+00
-1.351420402403886500e+00
-2.058277864689130876e+00
-3.147686639552681687e+00
-2.110032033436269661e+00
-2.439203072522272198e+00
-2.088046435602125328e+00
-3.242292181506086779e-01
-9.490057544086187846e-01
-7.527385539628627109e-01
-4.943186764101652475e-01
-1.086035270961143606e+00
3.340478380126093993e-02
-1.869646416589316740e-01
1.930568287914024017e-01
6.323704590406064030e-01
5.734199713328425041e-01
-4.274535645842295756e-03
-5.207554615571838852e-01
-1.343696718958412806e+00
-7.141734323777472193e-01
-2.473552236181431052e-01
-3.826559279930077245e-02
-2.000998682325471623e-01
-5.957407157008418608e-01
-1.328625073180519367e+00
-2.758553428437763966e+00
-1.434397168915461318e+00
-1.504970351559969721e+00
-1.409052206385462691e+00
-1.014550508608233592e+00
-1.367622659453697542e+00
-2.479139809118887872e+00
-3.508770377852870492e+00
-1.535566238790954996e+00
-1.095686649210994457e+00
-7.929182650853707770e-01
-1.877121752640487973e+00
-1.333670348533571470e+00
-2.117537722712598214e+00
-2.061080290465619136e+00
-2.261116529829444222e+00
-1.186685652189340523e+00
-1.299852296840380728e+00
-1.846455514133432008e+00
-1.752655967895028200e+00
-2.271468647881023983e+00
-9.109134206523681332e-01
-2.870310701969326361e-01
1.370700854281517445e-01
9.727101571279081482e-02
1.009261956489176659e-01
4.433290191353794069e-02
1.982874181779868406e-01
-1.128240805264509594e-01
7.657243626599682940e-02
-7.255754923483846985e-01
-2.595071306953886214e+00
-2.051383658322571080e+00
-1.023576830731760534e+00
-1.431407173469638083e+00
-9.072576378964586352e-01
-9.751856265953156022e-01
-3.133285696473555593e-01
-1.136906535082597758e+00
-8.797890364059067769e-01
-1.241814734567733725e+00
-1.929806112163941600e+00
-2.823303661869902115e+00
-2.746851494113128123e+00
-2.213168866227114506e+00
-1.039668567437175506e+00
-6.903513473345321838e-01
-1.959551226696000237e-01
-2.363984528330025647e-01
-1.848374488401775262e-01
-5.856952362371971310e-03
-5.942502842966628229e-01
-2.025795912371793350e-01
-1.945540702300472824e-01
2.612402982775520743e-01
-8.289718719490582477e-02
4.238889336478253167e-01
-2.624079575350331539e-01
2.453176834324545807e-01
2.767357909709579622e-01
-2.468708102988365627e-01
6.095360909280177902e-02
1.576435881642670456e-01
2.681246561626873803e-01
-5.911020042776796712e-01
-3.123416306495345185e-01
6.798952723759874028e-02
2.122084419713004544e-01
3.457859798665151585e-01
3.776297037461371908e-01
6.253433029651964126e-03
-4.053915781820759956e-01
-6.844704606341892594e-01
-6.058141928973752588e-01
-4.190707271128711331e-01
-3.668212194735941956e-01
2.158858341208768072e-01
3.287865671840531356e-01
-3.121394870245233211e-01
-3.249456831935695345e-01
-1.940669642307427889e+00
-2.974033125793947852e-01
-5.195544781929666289e-01
1.660333898552914522e-01
7.006955879992500524e-02
-2.962108230604539733e-02
-6.552639552885891616e-01
-7.253502017558082215e-01
-9.531280185612047706e-01
-3.883881318973861352e-01
-5.384649243621699721e-01
-3.276069617720666072e-01
3.584538332686152892e-03
2.392460931753859488e-01
2.759736969426609954e-01
1.049472098880140647e-01
2.072748392553163121e-01
6.903891421254138017e-02
1.098267434421346944e-01
-9.955708203282584434e-02
1.180791316344150105e-01
1.227856972020143766e-01
2.358261314823766330e-01
-3.780741936600374303e-02
-4.644865571637536439e-01
1.631595862069122951e-02
2.533184458537278139e-01
-4.033397095350835238e-02
-5.363470104280205347e-02
-2.343607233484840124e-01
1.636246461308785149e-01
-3.876073773727400362e-01
-1.215668282469961892e-01
1.071345859492503216e-01
-3.837338717800281573e-02
-9.238389427782971453e-01
-6.085817157583230941e-01
-4.492748864611985082e-01
-1.766253639350318372e-01
-1.987392131569826192e-01
-3.612816454088055296e-02
-2.430807858766184937e-01
-2.458735764427096848e-01
-2.836071580754074284e-01
-7.210524734098074928e-01
-8.408245077252068933e-01
-5.181755371356027151e-01
-1.289210258793553665e+00
-2.995951671379322723e-01
3.486318001745601358e-01
3.668231163589366073e-01
-2.983558692067156404e-01
-7.278909642820049486e-01
-1.545613721462357537e+00
-5.826140029687405519e-01
-2.939945260737749089e-01
-2.189969150844585932e-01
-3.261376241355128935e-01
-1.132614041816595342e-02
-5.041286456970539565e-01
-1.838818724736458909e+00
-1.883626388035918753e+00
-6.854898875342272380e-01
-5.610137686616892272e-02
-1.640687686818247670e-01
2.737188651367922776e-01
7.203724508950654082e-03
-3.474383420959798463e-01
-3.830297578673680370e-01
-2.219762402107945953e-01
-3.149967569240291754e-02
-8.266887899925359773e-02
-6.718873371920681681e-01
-1.270541658236691740e+00
-4.329139435704270622e-01
-5.418326027257290844e-01
-1.984400453109028961e-01
-2.242966607588703642e-01
-5.669850375520529839e-01
-3.163009073567246698e-01
-3.125634701116901670e-01
-2.171368049191829463e+00
-2.454315379093092275e+00
-1.789129893180872344e+00
-2.778559880965076889e-01
-1.786022152629488935e-01
-5.646772807247558701e-01
7.114167493074731452e-02
1.843594984404562653e-01
2.510901404845556351e-01
-3.661183010141735167e-02
-5.261649003421692283e-01
-7.599652432970906979e-01
-4.497030747126650185e-01
-9.061588621884161254e-01
-2.373731541027738423e+00
-1.848713914686033188e+00
-1.427393977976176176e+00
-1.494022568838653253e+00
-1.744334228783730012e+00
-2.941720203338853423e+00
-2.089127283658812395e+00
-2.388679772658878875e+00
-2.972905452884154975e+00
-1.399174637928616516e+00
-7.690174769495305984e-01
7.425026131396586515e-02
-2.126347473191762816e-02
1.518850228152606174e-01
8.929107765448891787e-02
1.246416783710022763e-02
-9.297059647444392283e-01
-8.516123536922671766e-01
-3.073449327587000068e-01
-3.003671059608429283e-01
-8.056115410103987795e-01
-2.003400753864578832e+00
-1.454692055025748498e+00
-2.688047459686287999e-01
-1.050912073240214129e-01
3.953874281876326724e-01
3.079031592368701720e-01
7.454694982352653987e-02
3.410044230102533547e-01
5.139591061109052283e-01
6.375397729300589234e-01
5.883676474478957141e-01
2.528931559170018994e-01
4.452535675695447059e-01
5.442621968833299961e-01
6.562685868812098144e-01
-2.171235442516925018e-02
2.557009862642931619e-01
2.710581062092179971e-01
3.526188422563987235e-01
2.761740559653746985e-01
1.923411363878390623e-01
-1.890575689085508340e-02
3.706595638256952041e-01
3.594362006888093264e-01
1.179270878527597238e-01
5.187898169971365547e-01
-1.108069564678744179e-01
1.152640983356291171e-01
3.558986425221013356e-02
-1.591126841578660023e-01
2.060641386185464163e-01
5.037527980167573194e-01
5.226388891459752273e-01
2.111198032302304128e-02
-4.345257702740396577e-01
-3.520252059330238326e-01
-8.794121992703868296e-01
-2.112621866476495303e+00
-3.198459279382445342e+00
-1.433228489340035328e+00
-1.352047090758779602e+00
-2.838378220925903417e+00
-3.629409660571384588e+00
-1.152693909629068481e+00
-1.521438523201626702e-01
-4.267881078796554317e-01
-1.997374549115960574e-01
1.327529197662355998e-01
3.560845998797768086e-02
9.102944930206879892e-02
-9.487644906302302727e-01
-8.849924203768427811e-01
-4.172553760147433288e-01
-2.265875332556526178e-01
-3.739826712106891216e-01
-2.635931625209355644e-01
-8.876708684961575058e-01
-2.202382169840944870e-01
-1.145484229253178887e-01
-8.599539651036167687e-01
-2.079728781935192394e+00
-1.109769471812642738e+00
8.028337367198856711e-02
-1.052401339460596608e-01
-2.125640214180733734e-02
1.723564218390778169e-01
4.844363203976108645e-01
-2.197003535807768304e-01
-1.288631425818649756e+00
-8.076620321206212649e-01
-2.537931938287766309e-01
-1.227803029307858784e+00
-4.088456499946162559e-01
-9.270910189473707819e-03
-2.548151047585203166e-01
1.260064458705217050e-01
-2.917317848209125333e-02
-4.118661469087368798e-03
1.783507070577491915e-01
1.293964355981633285e-01
7.656101841373995354e-02
-1.818426323894561658e-01
1.815988122183726794e-01
-2.598455276664918823e-01
-7.268697097965158560e-02
-2.420056927671956348e-01
-8.597178960658209690e-02
-2.112231625699806381e-02
-1.367474823242373017e+00
-2.481965773046613144e+00
-2.830858455613953328e+00
-1.174934571683865725e+00
-1.737396426488853285e+00
-4.793043462613256200e-01
-5.521631360338031813e-01
-4.028117660356052981e-02
-1.917054697658341078e-01
-4.388969753064479729e-02
-3.660251187719427146e-01
-1.352224018963052443e-01
-2.106734631606609620e-01
-8.440796135869182981e-02
-9.973062414472685377e-01
-5.788127245144754074e-01
-6.269569038777621506e-01
-1.248314348981075517e+00
-2.701159850569688547e+00
-1.296943342948614575e+00
-5.154337289797763511e-01
-9.743575626402710688e-01
-7.660744154057385069e-01
-2.142746950010749440e+00
-2.532485068842805553e+00
-1.793571664214794303e+00
-5.907860755695457655e-01
-6.870645645319095607e-01
-3.292755651627765623e-01
-7.999135167326508755e-01
-8.040269754490447784e-01
-5.182793302916770539e-01
-3.136862409380802297e-01
8.872844360853948675e-03
1.088501050967690363e-02
-1.280677641499611719e+00
-6.083632412412579571e-01
-3.105486058976772434e-02
-5.404421655804195895e-02
9.914684674018163502e-02
-3.925644483546517627e-01
-8.018486691222298512e-01
-1.063355227143577331e+00
-1.222066221092553473e+00
-1.075446661963986639e+00
-8.037589330003331867e-01
-5.313494895170706167e-01
-7.811782318031599281e-01
-3.846569580016747647e-01
-3.589847632533164079e-01
1.763132098279733828e-01
5.297011982546332431e-01
3.751313142502342712e-01
5.238279847270850276e-01
3.973435859054543773e-01
5.767833656093941386e-01
3.763723028183948993e-01
-1.782266597128147612e-01
-2.840189712278824441e-01
-2.422689025403448604e-01
-8.703122422317592921e-01
-1.823178058574078664e-01
-3.135997417025511158e-01
-1.590513504238536269e-01
2.550915880427744864e-01
1.985400688640231726e-01
-1.141099779921161739e+00
-2.004659624988402111e+00
-2.998304346701051171e-01
-1.305149979859020704e+00
-1.498744965870428159e+00
-7.329338491841591585e-01
-1.258605781270223822e+00
-1.042611596013163000e+00
-3.837930175559498558e-01
-3.511978362854785707e-01
-5.722627211205894016e-01
-1.042514823493732479e+00
-1.461963818689467010e+00
-1.005969360862835060e+00
-2.075026194048184003e+00
-3.031940325226045285e+00
-1.969748933221761034e+00
-3.838039626210100752e-01
1.243598059012709922e-02
-1.872008646374604679e-01
-1.428992209853524598e-02
1.310559882420879729e-01
3.414769138357327538e-01
2.282210648834176181e-01
-1.811892818232678226e-01
-1.439884572212605240e+00
-3.531935472862791081e-01
-1.486872794152950192e-02
-5.768286916737312003e-02
-1.967397007217132898e-01
-9.687468416157615225e-01
-4.861910970516317709e-01
-5.012621423518746067e-01
-1.721428416065793471e-02
1.880342810992755020e-01
-5.621856633952945770e-02
2.853785140363226946e-01
1.270319969078392563e-01
9.852131007732681245e-02
-3.350159145419862039e-01
-1.000173524554405002e+00
-7.664213598344810086e-01
-9.554386018454843477e-01
-1.351841921476544806e-01
-9.607851176048963493e-02
3.144512927203702568e-01
-1.150712382377995502e-01
3.229764637120693394e-01
5.702731782110899150e-01
6.941209552487335177e-01
5.668326266216558995e-01
5.438132029737957618e-01
9.043517843796561317e-01
-5.387058161369463472e-01
4.475363356914510149e-01
3.294950123334340897e-01
4.482869880503329019e-01
1.388056538158758679e-01
-1.017210073709495510e-01
3.030863241771602490e-01
2.932787937148888940e-03
-2.111578353694218146e-01
-4.640328891532889966e-01
-1.061854833714828972e-01
-2.392642129701581410e+00
-1.649358946128236747e+00
-3.655681856668908658e-01
-3.810436501068151238e-01
-4.965939211110736995e-02
1.804120627586766612e-01
4.351462659790930054e-01
-7.122128860009001583e-01
-2.730645811284441837e+00
-1.265358557640333892e+00
-1.736866119383164486e+00
-1.946038832371925320e+00
-7.939124334505561764e-01
4.015165346000403035e-03
3.083810006631301226e-01
2.600949504856996941e-01
8.001493922054933594e-02
-6.247633462789683456e-01
-2.565239841954374822e-01
4.198020900142789003e-02
-3.678350142853183818e-02
1.261972920333203629e-01
3.097311478728203005e-01
5.189779281300682667e-01
2.666843815716397059e-01
-3.469884673292398247e-01
1.321156295817639548e-01
-9.120816346359323923e-01
-1.670488918491754016e-01
9.481717283261616169e-02
-1.697081906286715958e-01
-8.675239312080728071e-01
7.710789895818154216e-02
2.102414574418296489e-01
2.681962955558486045e-02
-7.134362133531796379e-01
-1.221020444469846922e+00
1.191009703213227328e-01
6.737569264636578126e-01
-2.355574176422858546e-01
-6.320909017447373657e-01
9.035147053476706713e-02
3.806432527358727946e-01
5.136166033926516938e-01
3.775096709827451824e-01
-5.073699137621816568e-01
-2.062235657881583140e-01
-9.671096311804269763e-02
-7.428824051344090629e-02
-1.676900238792732534e+00
-3.611348951926492412e-01
-3.990360480461755954e-01
9.732072865151616958e-02
-9.204406223832452272e-02
-5.066858688440812886e-01
-1.485209906578747407e+00
-2.726769847634947230e-01
4.178575304717149774e-01
4.853893762666614542e-01
4.041663644061461169e-01
5.741922343793547379e-01
1.028051263353025435e+00
-7.139937796140044535e-02
2.457915641832138232e-01
-4.170345657521759009e-01
2.004462665249899800e-01
-2.644902776400868127e-01
7.602964006976151712e-01
5.047534969846317887e-01
-5.447124507366972734e-01
-1.673471881781075227e-02
7.976471751421995715e-02
-6.785700255293927730e-02
1.673578434929207659e-01
-3.393674865045885891e-01
6.155121042290373490e-01
8.644966437411182314e-01
-5.400377841080991614e-02
-6.841085212389982351e-01
-9.723174555321323353e-01
-1.279665591219731002e+00
-8.397334216270968543e-01
-8.565595416736402345e-01
-3.570236204810308678e-01
-1.758374091490723934e-01
1.561065180529361621e-02
-7.450070723222609881e-02
1.727197509424839572e-02
-6.162065745675295858e-01
1.280808697075082603e-01
-6.713579076405251644e-02
-3.719109520209413211e-01
1.526153854424053546e-01
-2.245057868712250493e-01
3.824407958405947605e-01
-4.295581241584263410e-02
3.271583274258731966e-01
-4.270996140105601802e-01
-7.644163876504607158e-01
-1.967868778235776495e-01
-1.369038226925877733e-01
-1.325825580300495077e-01
-4.581250207412986830e-01
-8.428137030471961610e-01
-4.517049886206576104e-01
7.692701682633847071e-02
2.219434736977470013e-01
5.596068223934393959e-01
4.001664009307435155e-01
1.077360103268672625e-01
3.302660841299705496e-01
4.851763967004052991e-01
7.729452726192586054e-01
6.990799957141050625e-01
6.116639131798657925e-01
-7.589732229855632450e-01
-1.018550403439445577e-02
-6.125391272266493825e-01
-2.932718026812778933e-01
1.255833044147041666e-01
2.384538617534994187e-01
-2.693376912455183736e-01
-1.051567168167868438e+00
-1.784403426075275023e+00
-9.783806454541390529e-01
-2.187008779295592231e-01
-3.043094907390624382e-01
-1.495598908913186309e-01
-5.286589475414854578e-03
-4.932764574732378393e-01
-5.150608268459357930e-01
-3.456094720141312804e-01
-8.970785211992327035e-02
-2.078149145123647790e-02
2.509922057772381310e-01
1.136435225573154822e-01
7.317126454991509377e-01
8.952862614306290601e-01
7.887170606520277349e-01
8.632647548647116587e-01
-1.563593367976255089e-01
-4.402278941087200970e-01
-3.556357715260529684e-01
6.326999884712988798e-02
-3.828914248251131802e-01
8.347693405281768342e-02
5.158382182009472183e-01
7.731669177186986097e-01
9.082094210835601755e-01
9.230808377771569928e-01
9.736607253122002703e-01
4.752988274237838762e-01
8.725912712551058270e-01
9.103702543887270959e-01
7.098918710673656207e-01
5.966559798448947127e-01
5.815884265842232725e-01
3.201699845684284895e-01
3.540758518949798650e-01
4.937047637783443244e-01
-2.138883418235016931e-01
-2.037508491199018501e-01
4.202473714269508442e-02
-4.335319788234830440e-01
-5.425175585095382003e-01
-5.808168677821370363e-01
-2.631680198792304415e-01
-9.014456493224198841e-01
-3.995460442159655123e-01
-1.283593796614575788e-01
1.339037530352276961e-01
6.102074952573589839e-02
-2.766410490181358539e-01
-1.739702653406312027e-01
-4.991229787349794889e-02
-3.691800737021165846e-01
-1.181163117423530418e+00
-1.464443441728063622e+00
-1.070495502879774019e+00
-8.100452016908837871e-01
-5.786122291414480534e-01
-3.858825008529266354e-01
-4.888477476291338553e-01
-7.605583601708545416e-01
-8.580172620465430500e-01
-5.023875498049329424e-01
-2.688193524158981051e-01
-1.442146971210331863e-01
9.979515056961078823e-02
-2.239014205168418647e-01
-1.224962615818167844e-01
-8.181652786937652910e-02
-5.273210893932157584e-01
-3.762053163774657927e-01
-5.159015328069895823e-01
3.259706169304660839e-01
4.423298020193579538e-01
4.363295577020864791e-01
4.062492948485397770e-01
3.419757595540959816e-01
9.827969739168182506e-02
4.166423703977386594e-01
3.440649148016275971e-01
4.752737232939666656e-01
5.802555244315256155e-01
3.534856200907562362e-01
3.071594124539364090e-01
4.165273450133801791e-01
3.168130563569087066e-01
-3.174129743901949463e-01
-3.238445242213785491e-01
-1.736680484426817994e-01
-3.911258555811901183e-01
-2.112842720370321503e-01
-2.421019320860719470e-01
-1.270157196618985740e+00
-1.851712830384007136e+00
-2.059430600896602570e+00
-2.523855285671220638e+00
-2.439523072904749679e+00
-3.007858715469333699e+00
-1.978052846661036090e+00
-7.704722937848307307e-01
-2.473202114178567335e-02
4.209674100974552385e-02
2.385255102116516368e-01
1.341888001631809380e-01
2.816067814108112466e-01
4.074211208753219515e-01
5.228065685370413274e-01
4.786711853096684011e-01
1.973312048722702383e-01
2.421220828757981169e-01
-9.169018697172653942e-03
2.627914003112116759e-01
-1.818126076230988653e-01
-2.309720781468242168e-01
1.447661859841509469e-01
1.264843801859647510e-01
-2.934060588244066792e-03
-5.779411642145435568e-01
-4.168358821110620949e-01
-2.098768009091278863e-01
2.878821775038243325e-01
2.699584480727997837e-01
3.347530770332999839e-01
4.199609039814937717e-01
3.185857789997405543e-01
2.373396656193630938e-01
4.564031481429151604e-01
3.442457854386959948e-01
9.396565030392603490e-02
-5.314821333137937032e+00
-5.605859074668105180e+00
-4.264661361248000659e+00
-4.997382658275542511e+00
-4.731794802412789380e+00
-4.734448164870925346e+00
-4.017711017487866521e+00
-4.882894710798839633e+00
-4.409587706165122967e+00
-3.940633440076339866e+00
-4.070023982460278411e+00
-4.227617076416874120e+00
-3.820728319054017774e+00
-4.192619703419457444e+00
-4.501102972886699582e+00
-5.490417529868899749e+00
-6.015801840347146268e+00
-6.082759644526663401e+00
-6.353768395293861282e+00
-6.288081148602273629e+00
-6.534351921231887239e+00
-4.941348400489390613e+00
-5.209777725715207808e+00
-4.434395493507749642e+00
-3.980637633114331830e+00
-4.601136754187604261e+00
-3.926707120343963187e+00
-4.654084565097440951e+00
-4.678998315072469438e+00
-3.915405304864370439e+00
-4.505584921527192144e+00
-5.076584334309114155e+00
-5.212344926385163113e+00
-4.945765197766975874e+00
-4.739196554891800695e+00
-4.884385655321335840e+00
-4.242312266737616966e+00
-3.992556362031600692e+00
-4.505827757380830967e+00
-4.016639770988825298e+00
-3.488355277829353174e+00
-4.036553093812738524e+00
-4.538045058877039573e+00
-4.519064952237392241e+00
-4.747621828155028645e+00
-4.525895538318409628e+00
-4.215394195984077719e+00
-4.032151117374580984e+00
-3.813945197207301074e+00
-3.616813027796983437e+00
-3.684569209023959235e+00
-4.172124407563937432e+00
-4.226470835787736746e+00
-3.993228521612936177e+00
-3.357923333165234503e+00
-3.670413214658707624e+00
-3.999542788050426179e+00
-4.248513743011232968e+00
-3.548476319917267752e+00
-4.010369057802933845e+00
-4.197252946949193486e+00
-4.270710134613847409e+00
-4.547382407829641870e+00
-4.393924831788851293e+00
-4.041662892091253845e+00
-3.775066325016908308e+00
-3.879287217056559545e+00
-4.355791789204947584e+00
-3.935564343862000047e+00
-3.530851192857932030e+00
-3.486479968503501059e+00
-3.394120015481462360e+00
-3.736532360121766150e+00
-3.869981110709977745e+00
-4.008379423468143798e+00
-3.794634810239813305e+00
-3.468254423702823441e+00
-3.685159794955460200e+00
-3.697805299790251965e+00
-4.166744150270825564e+00
-4.334755348678222653e+00
-3.778707118202786042e+00
-3.550488955170910454e+00
-3.523388917264526743e+00
-3.919246322449083664e+00
-3.909845852104906427e+00
-3.913276264282606665e+00
-4.120879029167928032e+00
-3.535346087587837083e+00
-4.196010564548352306e+00
-3.791675343964967304e+00
-4.235613980990345695e+00
-4.293272739689815154e+00
-3.382472569858139266e+00
-3.777213117825045430e+00
-3.588317868792890497e+00
-3.705621534092784053e+00
-3.434408285168449204e+00
-3.287328897069162092e+00
-3.588748827786165219e+00
-3.445837943705823303e+00
-4.345814144110067723e+00
-4.282743529108000935e+00
-4.777441874886090289e+00
-5.514098648743677167e+00
-5.842790285223506075e+00
-5.301984302381450576e+00
-5.084043713785458607e+00
-4.691215794450005916e+00
-4.711564331066746547e+00
-4.336887746853875569e+00
-3.822068478669578884e+00
-3.701771941363173557e+00
-4.163877041569988613e+00
-6.418437872690048174e+00
-6.377300713616144812e+00
-7.927958946903211235e+00
-8.182023378897177679e+00
-8.548634606837646643e+00
-6.953733729963120780e+00
-7.249245152980178908e+00
-6.858951692534250633e+00
-6.673533489804859720e+00
-5.675405980269458084e+00
-6.233038805775287017e+00
-7.081067161832574008e+00
-7.209308843086812857e+00
-6.212470803569192235e+00
-6.940399815418047069e+00
-6.911059794217037755e+00
-6.168516220088116064e+00
-6.677702369480073230e+00
-6.107744172449252495e+00
-5.853308195814600268e+00
-5.636146378044252003e+00
-5.713584678820756935e+00
-5.267989589236467651e+00
-6.240476116456768807e+00
-5.254395397802384515e+00
-4.932623263545047543e+00
-5.158500604390285460e+00
-6.326780057044699923e+00
-6.059078741137571278e+00
-6.446977673353573302e+00
-5.844823637441518116e+00
-6.149924442691146353e+00
-7.006769892985238890e+00
-5.680156071833299514e+00
-5.741430051514775812e+00
-5.707671736405865559e+00
-5.409904955674309512e+00
-5.736170352814335516e+00
-5.839724668380751105e+00
-5.360573395684312459e+00
-5.270837575756192273e+00
-5.272223308534496056e+00
-5.091517054964314504e+00
-4.691188333906979757e+00
-5.342913651217752857e+00
-5.294859640460282790e+00
-5.465994475588288104e+00
-4.997654472099158696e+00
-5.138451376119294700e+00
-4.916565185426758688e+00
-5.888749367369825016e+00
-5.839373898546664776e+00
-6.115305310546879980e+00
-5.243008781813717434e+00
-5.442742272697560502e+00
-6.176803602478147859e+00
-5.345055146028632187e+00
-5.517856642079380869e+00
-4.836016455077399634e+00
-5.511276810846286622e+00
-5.572878189821160788e+00
-5.744425490145256497e+00
-5.455628787444288363e+00
-6.051274796698898228e+00
-5.856284662605808045e+00
-5.939454246252116931e+00
-6.001071659022972682e+00
-6.026062368844425698e+00
-5.725786283369973084e+00
-5.470543220881440405e+00
-5.190286183226791472e+00
-4.734584021014144994e+00
-4.712977993294204637e+00
-4.450716460636618521e+00
-3.973699396922085736e+00
-4.431436621740820314e+00
-4.545959532173556639e+00
-4.348714406020850021e+00
-4.808267000804767655e+00
-4.384410202156808545e+00
-4.177935410319964404e+00
-4.149472788074956675e+00
-3.823931782884515851e+00
-4.060451083835572739e+00
-4.313417761742604384e+00
-3.911664761618225850e+00
-3.827514612329277366e+00
-3.735474291895546806e+00
-3.871733237530399663e+00
-3.813786544341375873e+00
-3.951695906187728813e+00
-3.845661953072975425e+00
-3.841555008874853794e+00
-3.687238068565242166e+00
-3.669909502717989991e+00
-3.611120140523643940e+00
-3.528712461039994697e+00
-3.383432264131090328e+00
-3.349416806041272121e+00
-3.740718062730163940e+00
-3.296686763937353160e+00
-3.724807381934897688e+00
-3.361819705895408017e+00
-3.090933931300118953e+00
-3.838143917812475880e+00
-3.302631191309322922e+00
-3.631216417067482549e+00
-3.384256976679750561e+00
-3.740639786260904209e+00
-3.462095951670091321e+00
-3.631608542633633530e+00
-3.503554356803499026e+00
-3.594801616678594769e+00
-3.235222568973082247e+00
-3.373544590820718003e+00
-3.210247192924252868e+00
-3.293933264262864480e+00
-3.080312524484932979e+00
-2.976533978439400485e+00
-3.203730447871135478e+00
-3.553540111960220127e+00
-3.182392244019585537e+00
-3.352442840581086436e+00
-3.451385413369493893e+00
-3.362908187650568870e+00
-2.900037601223853567e+00
-3.221428969668014286e+00
-3.405121055325996515e+00
-3.481635615835414921e+00
-3.584211306901043503e+00
-3.357805970394825312e+00
-3.576225816648315181e+00
-3.218056564142274922e+00
-3.003798162407918859e+00
-3.375502211488785598e+00
-2.948799365992105681e+00
-2.986073708910131685e+00
-3.226961052831213372e+00
-3.136807945875651260e+00
-3.500274853805447339e+00
-3.294550848121839515e+00
-3.306752870385368581e+00
-3.415957171490898059e+00
-3.193826281481348062e+00
-3.282139801292004666e+00
-3.290102032124860632e+00
-3.050340812751781705e+00
-2.734944641722185210e+00
-3.414631236040808648e+00
-3.031239522049677060e+00
-3.158277358341891716e+00
-3.182126051157575297e+00
-3.512115375555684871e+00
-3.217958298520244398e+00
-3.165639222588980672e+00
-3.439178262531686237e+00
-3.426369952971414445e+00
-8.495927613018059432e+00
-8.662758031340363374e+00
-8.316197633930274336e+00
-7.868328432131813877e+00
-8.280945776343870079e+00
-7.906403761459852575e+00
-8.305550608595780204e+00
-8.061369673454741758e+00
-7.854698727931769042e+00
-8.205443489663114320e+00
-8.047996758061001898e+00
-7.855506982267611349e+00
-7.670478541321470445e+00
-6.619805653916167820e+00
-4.182561193868556515e+00
-2.564509368112671606e+00
-2.009080934347753367e+00
-1.619487665536827770e+00
-1.219031304401608562e+00
-9.605833747864112038e-01
-5.788721656863925480e-01
-1.011204004812963575e+00
-1.230637431459153053e+00
-7.980729502071799430e-01
-1.757699796238130219e+00
-2.159835831157276509e+00
-2.914234776732967269e+00
-4.340043711131071014e+00
-3.451122112301744149e+00
-2.102689199455130886e+00
-1.032520644193545278e+00
-8.511193947476083377e-01
-5.218533267269582776e-01
-3.283143204201801613e-01
-2.706922630417860076e-01
-2.397468653760884416e-01
-1.497234836521553758e-01
-1.542596021814393037e-01
-3.827156656218018427e-02
-1.180849652663451821e-01
-4.638892302578671578e-01
-1.172496899512135204e+00
-1.359411418416329731e+00
-2.017633355904992598e+00
-2.081654382545489401e+00
-1.667007229922337963e+00
-1.303993691907781249e+00
-1.203803178848457112e+00
-1.700633349304355502e+00
-1.500346246323057020e+00
-9.976966267463887039e-01
-3.166917419588538563e-01
2.059388797491066292e-01
1.915840589754251588e-01
-2.358863481248545113e-01
-5.832231850059322459e-02
-4.811503726529550717e-01
-7.215664724087917925e-01
-5.734340122368543069e-01
-1.168142937972939388e-03
-7.296202714667124334e-02
-1.997064510209289531e-02
-1.779467087440260165e-01
-8.497443674645089873e-01
1.023653320862950161e-01
3.388684452361894195e-01
6.385302719203059807e-01
7.840071723373317480e-01
8.119635731280757662e-01
6.548524955517236457e-01
7.638840513123781317e-01
7.027380654176882402e-01
9.843001608858658047e-01
9.804961505838998281e-01
1.045079269867004834e+00
8.587188619983969762e-01
1.086341799795152108e+00
1.024816497479227984e+00
1.061453151466691391e+00
1.075059211886923771e+00
1.412060947103392472e+00
1.564755786701536255e+00
1.342689032901609680e+00
1.554528044812092391e+00
1.587995075712000048e+00
1.194302814809951263e+00
1.658765764705914858e+00
1.395987154579329648e+00
1.136892125167105583e+00
1.132172025601346999e+00
1.072905078385583577e+00
1.118107782784417026e+00
1.030139103377803789e+00
1.386997015042089387e+00
1.352985583097835010e+00
1.593731702716874699e+00
1.529806485963155271e+00
1.055602507011637936e+00
1.669261738133147044e-01
-1.586351343639529787e+00
-4.278228111941857037e+00
-2.914358286204832726e+00
-3.406486881336503014e+00
-1.474752725447323609e+00
-1.725041664003527375e-01
9.554105508872648422e-02
-1.287980844716462570e-01
3.621059841159787185e-01
3.763233864405170492e-01
4.758734517598348646e-01
4.453391245310334701e-01
2.668331572286307685e-01
-3.293592892186927856e-02
5.296992782699816438e-02
-3.543472290343702147e-02
3.312637858020744397e-01
-1.129204873767813977e-01
-4.595984215524769323e-01
8.291999739654955237e-02
1.282311400489113962e-01
4.746434978687591455e-01
3.855251152159474004e-01
3.860510761495592469e-01
3.751187745371850069e-01
6.814558463278618250e-01
7.916703347013750447e-01
1.005930425950513296e+00
9.852402179416629435e-01
5.105414143298969698e-01
7.378264221431868330e-01
1.202305539116069744e+00
1.118652287800287137e+00
8.095016764648972352e-01
6.738188818990414886e-01
6.818685276499946157e-01
9.437742068985641719e-01
7.808117891918633369e-01
9.974037848926610161e-01
1.080532522298291553e+00
1.038226498749307281e+00
1.082884905418652899e+00
1.109589950861948671e+00
1.225218122151662259e+00
9.708311199144220582e-01
5.682972039316771529e-01
1.069613453872404918e+00
-8.019255517417090973e-01
-1.252575303299008347e+00
-8.104154366702699397e-01
-4.837680811463042074e-01
-4.209985467521165092e-01
-8.917851438637250383e-02
4.506003196099952479e-01
-4.041859023264276346e-02
8.457916645980786408e-01
8.218408768273707254e-01
1.103354015610482186e+00
1.254486401316474042e+00
1.325124606263442306e+00
1.198797584591859255e+00
4.641647926684167591e-01
5.370128851130127057e-01
-2.913349260259717743e-01
-1.139290726916271534e+00
-3.009008214134337500e+00
-2.487327532882642078e+00
-1.025281824504644224e+00
-1.923113986892449612e+00
-3.357273481968378714e+00
-1.779937046370000386e+00
-1.211602981984644556e+00
-1.734153698314955694e+00
-3.188748581162637041e+00
-2.544668126533531360e+00
-1.688903881873810464e+00
-8.006588892160086957e-01
-2.502008435911852180e-01
-1.725562051840101585e-01
-1.195080740407082204e-01
-4.273914993391479955e-01
-7.212747351235835325e-01
-2.187337810310679698e-01
2.900299810329064476e-01
5.405818755480902293e-01
7.839937221093028485e-01
7.346016594814550604e-01
9.053086510932052411e-01
7.995412092532963033e-01
8.179650689786716056e-01
3.611706729346849110e-01
5.511286731840530084e-01
-2.100586845993171470e-01
2.057373983857161137e-01
4.373969796385253628e-01
1.664404941123551473e-01
4.763881338689051059e-01
6.381533557753972241e-01
7.638486998887437096e-01
3.943585630053512148e-01
1.180674952872963424e+00
7.775380539087384246e-01
8.384541697915625091e-01
2.071036305542124367e-01
4.753430931282420224e-01
2.372706279750705360e-01
1.350607715697390299e-01
7.029024337255374011e-02
-1.599013037480163657e+00
-1.048816551060309799e+00
-1.247227232905548489e+00
-2.380580044953328311e+00
-1.230732095367929269e+00
-7.264456911805667882e-01
-4.906512312928343333e-01
-2.454716895571869006e+00
-1.053211048785622772e+00
-9.328975608795336827e-01
-2.478483170501955435e+00
-7.511507851406311609e-01
-2.924749066716015866e-01
-5.144283307551150708e-01
-3.991363117713702113e-01
-1.096885085932243653e+00
-1.003295847527887030e+00
1.894851450234426304e-02
-5.912858434142659325e-01
-1.075898203683937959e+00
-1.881044809956215813e+00
-1.452571316290108827e+00
-1.606954626596261981e+00
-6.091744868997787110e-01
-2.595237401604805427e+00
-1.279322888666134972e+00
-1.467253566719175728e+00
-1.711688738452600500e+00
-1.302234538015283882e-01
8.454797371190750921e-01
9.035128429229508651e-01
1.069949842490773850e+00
8.531304568718804937e-01
6.430153057862612043e-01
-1.735218929609728677e-01
-8.471662349696795768e-01
-6.652168137689732363e-01
2.194457259137763405e-01
9.001495692901995138e-01
7.500674505793788471e-01
-6.535130783572036250e-01
-5.907229245095729775e-01
2.985818055452208464e-01
6.535879915438332910e-01
8.863654588457557937e-01
8.460873360777751984e-01
9.259615953424799040e-01
1.119713274125728741e+00
7.284563762235473083e-01
1.208186589334927064e+00
8.329220782270758683e-01
8.573069116310757520e-01
7.721286976217567322e-01
8.861804955896996905e-01
-7.517453571801153700e-01
-1.338904108622727962e-02
6.200751487875810763e-01
8.937166186256066958e-01
4.843527046138614289e-01
-5.474132241440978763e-01
-2.954315135493422062e+00
-2.972400228744850104e+00
-1.265219469931551322e+00
-5.207440459275113342e-01
-1.053638336028473177e-01
1.619804533340225561e-01
-2.133020465670330545e-01
-1.146492105912700898e-01
-4.069777848227204009e-01
-2.881241459178047748e-01
-4.237889410519501965e-01
1.635174156199965811e-02
5.267203062665685165e-01
3.569941444633967231e-01
-7.461925707310879119e-02
3.931125815761643549e-01
7.775340556124965552e-01
3.414643026340165033e-01
4.676304561374933222e-01
-6.434545066719604689e-01
-6.962213817437792329e-01
-1.431255091608245156e+00
-1.995335714503754021e+00
-2.632888748244701649e+00
-1.074580543656806775e+00
-1.704700230422978802e+00
-7.202753882430020793e-01
2.035963754506802392e-01
5.319460170812112532e-01
5.799546752055667609e-01
3.544028590317642724e-01
3.660391348041558968e-01
2.906930350088321457e-02
4.121849882258922793e-01
7.407293438131125063e-01
3.663332611516652570e-01
-8.713819841982466397e-01
-6.741252015372467543e-01
-9.011227456250126000e-02
-3.091513697042329589e-01
-1.815851857710438777e+00
-8.866259971073962021e-01
-9.041522287433798599e-01
-5.265397903041181271e-01
3.219323482476285636e-01
9.310962127160440360e-01
7.411408142013147238e-01
4.233260754986489793e-01
-2.909380035787934027e-01
-6.189086116401867343e-01
2.130998060614611722e-01
3.004914356704042055e-01
-2.188612398090330036e+00
-5.783338721827275819e-01
-1.682252231078492088e-01
-7.142874296316759075e-01
1.683338546204372066e-01
2.405279049427596905e-01
-1.366468065754948391e+00
-2.102697896968547919e+00
-3.340099673282872050e+00
-2.578443157368524918e+00
-1.071549085642192534e+00
-1.021352433660248415e+00
-1.395256692407965238e+00
-9.285499326163130229e-01
-5.057639012347209251e-01
-3.404925265163267767e-01
-5.739000220230147109e-01
-2.144417229663720670e-01
-8.417534783804591081e-01
-5.700777678745900384e-02
3.769971306967347807e-02
2.576160660164472094e-01
1.540389328878950248e-01
1.048518126797231276e-01
-3.677790375408382939e-01
-3.326812804901031484e-01
-3.320618266227082227e-01
-1.412012759200769185e+00
-6.405262755497900251e-01
-5.687946653638280559e-01
-9.105807252521842532e-01
-2.389762474273834369e-01
-8.576531156127512601e-01
-8.980158308395670419e-01
-3.895750444449818106e-01
3.809838060962614792e-01
6.156382807922918809e-01
5.828925403368651059e-01
4.312304021545807498e-01
7.012832823846991692e-01
1.719453905934955618e-01
-3.635815963829650554e-01
-4.313572568530488760e-01
-4.431990766567023843e-01
-8.769278539562183061e-01
-1.757985278834326703e-01
8.386121451154258943e-02
8.712187453338557375e-02
-6.308693238171665385e-01
-7.030203049380616687e-01
-2.780033825208689358e+00
-4.094155025635418887e+00
-3.531717066467074062e+00
-3.483787532634612383e+00
-2.742902375366940149e+00
